20.300000585615635
20.50000000745058
25.09999891370535
0.20000006258487701
-0.30000001192092896
-10.40000057220459
50.0
1.0
1000.0
lefttop
1.0
0.0
0.0
0.0
1.0
0.0
rightbottom
0.0
1.0
0.0
0.0
0.0
-1.0
righttop
0.0
0.0
1.0
0.0
1.0
0.0
ambient
0.0
0.0
0.0
1.0
diffuse
1.0
1.0
1.0
1.0
position
-7.0
6.0
7.0
0.0
lmodel_ambient
0.4
0.4
0.4
1.0
local_view
0.0
nomat
0.0
0.0
0.0
1.0
mat_specular
1.0
1.0
1.0
0.1
hight_shininess
100.0
triangles
0.0
0.0
1.0
6.5851
11.2887
-0.0
6.0747
11.2887
2.5846
5.99
11.636
2.5486

0.0
0.0
1.0
5.99
11.636
2.5486
6.4932
11.636
-0.0
6.5851
11.2887
-0.0

0.0
0.0
1.0
6.4932
11.636
-0.0
5.99
11.636
2.5486
6.0883
11.7517
2.5904

0.0
0.0
1.0
6.0883
11.7517
2.5904
6.5998
11.7517
-0.0
6.4932
11.636
-0.0

0.0
0.0
1.0
6.5998
11.7517
-0.0
6.0883
11.7517
2.5904
6.2883
11.636
2.6755

0.0
0.0
1.0
6.2883
11.636
2.6755
6.8166
11.636
-0.0
6.5998
11.7517
-0.0

0.0
0.0
1.0
6.8166
11.636
-0.0
6.2883
11.636
2.6755
6.5087
11.2887
2.7693

0.0
0.0
1.0
6.5087
11.2887
2.7693
7.0554
11.2887
-0.0
6.8166
11.636
-0.0

0.0
0.0
1.0
6.0747
11.2887
2.5846
4.6754
11.2887
4.6754
4.6102
11.636
4.6102

0.0
0.0
1.0
4.6102
11.636
4.6102
5.99
11.636
2.5486
6.0747
11.2887
2.5846

0.0
0.0
1.0
5.99
11.636
2.5486
4.6102
11.636
4.6102
4.6858
11.7517
4.6858

0.0
0.0
1.0
4.6858
11.7517
4.6858
6.0883
11.7517
2.5904
5.99
11.636
2.5486

0.0
0.0
1.0
6.0883
11.7517
2.5904
4.6858
11.7517
4.6858
4.8398
11.636
4.8398

0.0
0.0
1.0
4.8398
11.636
4.8398
6.2883
11.636
2.6755
6.0883
11.7517
2.5904

0.0
0.0
1.0
6.2883
11.636
2.6755
4.8398
11.636
4.8398
5.0094
11.2887
5.0094

0.0
0.0
1.0
5.0094
11.2887
5.0094
6.5087
11.2887
2.7693
6.2883
11.636
2.6755

0.0
0.0
1.0
4.6754
11.2887
4.6754
2.5846
11.2887
6.0747
2.5486
11.636
5.99

0.0
0.0
1.0
2.5486
11.636
5.99
4.6102
11.636
4.6102
4.6754
11.2887
4.6754

0.0
0.0
1.0
4.6102
11.636
4.6102
2.5486
11.636
5.99
2.5904
11.7517
6.0883

0.0
0.0
1.0
2.5904
11.7517
6.0883
4.6858
11.7517
4.6858
4.6102
11.636
4.6102

0.0
0.0
1.0
4.6858
11.7517
4.6858
2.5904
11.7517
6.0883
2.6755
11.636
6.2883

0.0
0.0
1.0
2.6755
11.636
6.2883
4.8398
11.636
4.8398
4.6858
11.7517
4.6858

0.0
0.0
1.0
4.8398
11.636
4.8398
2.6755
11.636
6.2883
2.7693
11.2887
6.5087

0.0
0.0
1.0
2.7693
11.2887
6.5087
5.0094
11.2887
5.0094
4.8398
11.636
4.8398

0.0
0.0
1.0
2.5846
11.2887
6.0747
0.0
11.2887
6.5851
0.0
11.636
6.4932

0.0
0.0
1.0
0.0
11.636
6.4932
2.5486
11.636
5.99
2.5846
11.2887
6.0747

0.0
0.0
1.0
2.5486
11.636
5.99
0.0
11.636
6.4932
0.0
11.7517
6.5998

0.0
0.0
1.0
0.0
11.7517
6.5998
2.5904
11.7517
6.0883
2.5486
11.636
5.99

0.0
0.0
1.0
2.5904
11.7517
6.0883
0.0
11.7517
6.5998
0.0
11.636
6.8166

0.0
0.0
1.0
0.0
11.636
6.8166
2.6755
11.636
6.2883
2.5904
11.7517
6.0883

0.0
0.0
1.0
2.6755
11.636
6.2883
0.0
11.636
6.8166
0.0
11.2887
7.0554

0.0
0.0
1.0
0.0
11.2887
7.0554
2.7693
11.2887
6.5087
2.6755
11.636
6.2883

0.0
0.0
1.0
0.0
11.2887
6.5851
-2.7632
11.2887
6.0747
-2.6239
11.636
5.99

0.0
0.0
1.0
-2.6239
11.636
5.99
0.0
11.636
6.4932
0.0
11.2887
6.5851

0.0
0.0
1.0
0.0
11.636
6.4932
-2.6239
11.636
5.99
-2.6127
11.7517
6.0883

0.0
0.0
1.0
-2.6127
11.7517
6.0883
0.0
11.7517
6.5998
0.0
11.636
6.4932

0.0
0.0
1.0
0.0
11.7517
6.5998
-2.6127
11.7517
6.0883
-2.6783
11.636
6.2883

0.0
0.0
1.0
-2.6783
11.636
6.2883
0.0
11.636
6.8166
0.0
11.7517
6.5998

0.0
0.0
1.0
0.0
11.636
6.8166
-2.6783
11.636
6.2883
-2.7693
11.2887
6.5087

0.0
0.0
1.0
-2.7693
11.2887
6.5087
0.0
11.2887
7.0554
0.0
11.636
6.8166

0.0
0.0
1.0
-2.7632
11.2887
6.0747
-4.8342
11.2887
4.6754
-4.6772
11.636
4.6102

0.0
0.0
1.0
-4.6772
11.636
4.6102
-2.6239
11.636
5.99
-2.7632
11.2887
6.0747

0.0
0.0
1.0
-2.6239
11.636
5.99
-4.6772
11.636
4.6102
-4.7057
11.7517
4.6858

0.0
0.0
1.0
-4.7057
11.7517
4.6858
-2.6127
11.7517
6.0883
-2.6239
11.636
5.99

0.0
0.0
1.0
-2.6127
11.7517
6.0883
-4.7057
11.7517
4.6858
-4.8423
11.636
4.8398

0.0
0.0
1.0
-4.8423
11.636
4.8398
-2.6783
11.636
6.2883
-2.6127
11.7517
6.0883

0.0
0.0
1.0
-2.6783
11.636
6.2883
-4.8423
11.636
4.8398
-5.0094
11.2887
5.0094

0.0
0.0
1.0
-5.0094
11.2887
5.0094
-2.7693
11.2887
6.5087
-2.6783
11.636
6.2883

0.0
0.0
1.0
-4.8342
11.2887
4.6754
-6.1343
11.2887
2.5846
-6.0151
11.636
2.5486

0.0
0.0
1.0
-6.0151
11.636
2.5486
-4.6772
11.636
4.6102
-4.8342
11.2887
4.6754

0.0
0.0
1.0
-4.6772
11.636
4.6102
-6.0151
11.636
2.5486
-6.0957
11.7517
2.5904

0.0
0.0
1.0
-6.0957
11.7517
2.5904
-4.7057
11.7517
4.6858
-4.6772
11.636
4.6102

0.0
0.0
1.0
-4.7057
11.7517
4.6858
-6.0957
11.7517
2.5904
-6.2892
11.636
2.6755

0.0
0.0
1.0
-6.2892
11.636
2.6755
-4.8423
11.636
4.8398
-4.7057
11.7517
4.6858

0.0
0.0
1.0
-4.8423
11.636
4.8398
-6.2892
11.636
2.6755
-6.5087
11.2887
2.7693

0.0
0.0
1.0
-6.5087
11.2887
2.7693
-5.0094
11.2887
5.0094
-4.8423
11.636
4.8398

0.0
0.0
1.0
-6.1343
11.2887
2.5846
-6.5851
11.2887
-0.0
-6.4932
11.636
-0.0

0.0
0.0
1.0
-6.4932
11.636
-0.0
-6.0151
11.636
2.5486
-6.1343
11.2887
2.5846

0.0
0.0
1.0
-6.0151
11.636
2.5486
-6.4932
11.636
-0.0
-6.5998
11.7517
-0.0

0.0
0.0
1.0
-6.5998
11.7517
-0.0
-6.0957
11.7517
2.5904
-6.0151
11.636
2.5486

0.0
0.0
1.0
-6.0957
11.7517
2.5904
-6.5998
11.7517
-0.0
-6.8166
11.636
-0.0

0.0
0.0
1.0
-6.8166
11.636
-0.0
-6.2892
11.636
2.6755
-6.0957
11.7517
2.5904

0.0
0.0
1.0
-6.2892
11.636
2.6755
-6.8166
11.636
-0.0
-7.0554
11.2887
-0.0

0.0
0.0
1.0
-7.0554
11.2887
-0.0
-6.5087
11.2887
2.7693
-6.2892
11.636
2.6755

0.0
0.0
1.0
-6.5851
11.2887
-0.0
-6.0747
11.2887
-2.5846
-5.99
11.636
-2.5486

0.0
0.0
1.0
-5.99
11.636
-2.5486
-6.4932
11.636
-0.0
-6.5851
11.2887
-0.0

0.0
0.0
1.0
-6.4932
11.636
-0.0
-5.99
11.636
-2.5486
-6.0883
11.7517
-2.5904

0.0
0.0
1.0
-6.0883
11.7517
-2.5904
-6.5998
11.7517
-0.0
-6.4932
11.636
-0.0

0.0
0.0
1.0
-6.5998
11.7517
-0.0
-6.0883
11.7517
-2.5904
-6.2883
11.636
-2.6755

0.0
0.0
1.0
-6.2883
11.636
-2.6755
-6.8166
11.636
-0.0
-6.5998
11.7517
-0.0

0.0
0.0
1.0
-6.8166
11.636
-0.0
-6.2883
11.636
-2.6755
-6.5087
11.2887
-2.7693

0.0
0.0
1.0
-6.5087
11.2887
-2.7693
-7.0554
11.2887
-0.0
-6.8166
11.636
-0.0

0.0
0.0
1.0
-6.0747
11.2887
-2.5846
-4.6754
11.2887
-4.6754
-4.6102
11.636
-4.6102

0.0
0.0
1.0
-4.6102
11.636
-4.6102
-5.99
11.636
-2.5486
-6.0747
11.2887
-2.5846

0.0
0.0
1.0
-5.99
11.636
-2.5486
-4.6102
11.636
-4.6102
-4.6858
11.7517
-4.6858

0.0
0.0
1.0
-4.6858
11.7517
-4.6858
-6.0883
11.7517
-2.5904
-5.99
11.636
-2.5486

0.0
0.0
1.0
-6.0883
11.7517
-2.5904
-4.6858
11.7517
-4.6858
-4.8398
11.636
-4.8398

0.0
0.0
1.0
-4.8398
11.636
-4.8398
-6.2883
11.636
-2.6755
-6.0883
11.7517
-2.5904

0.0
0.0
1.0
-6.2883
11.636
-2.6755
-4.8398
11.636
-4.8398
-5.0094
11.2887
-5.0094

0.0
0.0
1.0
-5.0094
11.2887
-5.0094
-6.5087
11.2887
-2.7693
-6.2883
11.636
-2.6755

0.0
0.0
1.0
-4.6754
11.2887
-4.6754
-2.5846
11.2887
-6.0747
-2.5486
11.636
-5.99

0.0
0.0
1.0
-2.5486
11.636
-5.99
-4.6102
11.636
-4.6102
-4.6754
11.2887
-4.6754

0.0
0.0
1.0
-4.6102
11.636
-4.6102
-2.5486
11.636
-5.99
-2.5904
11.7517
-6.0883

0.0
0.0
1.0
-2.5904
11.7517
-6.0883
-4.6858
11.7517
-4.6858
-4.6102
11.636
-4.6102

0.0
0.0
1.0
-4.6858
11.7517
-4.6858
-2.5904
11.7517
-6.0883
-2.6755
11.636
-6.2883

0.0
0.0
1.0
-2.6755
11.636
-6.2883
-4.8398
11.636
-4.8398
-4.6858
11.7517
-4.6858

0.0
0.0
1.0
-4.8398
11.636
-4.8398
-2.6755
11.636
-6.2883
-2.7693
11.2887
-6.5087

0.0
0.0
1.0
-2.7693
11.2887
-6.5087
-5.0094
11.2887
-5.0094
-4.8398
11.636
-4.8398

0.0
0.0
1.0
-2.5846
11.2887
-6.0747
0.0
11.2887
-6.5851
0.0
11.636
-6.4932

0.0
0.0
1.0
0.0
11.636
-6.4932
-2.5486
11.636
-5.99
-2.5846
11.2887
-6.0747

0.0
0.0
1.0
-2.5486
11.636
-5.99
0.0
11.636
-6.4932
0.0
11.7517
-6.5998

0.0
0.0
1.0
0.0
11.7517
-6.5998
-2.5904
11.7517
-6.0883
-2.5486
11.636
-5.99

0.0
0.0
1.0
-2.5904
11.7517
-6.0883
0.0
11.7517
-6.5998
0.0
11.636
-6.8166

0.0
0.0
1.0
0.0
11.636
-6.8166
-2.6755
11.636
-6.2883
-2.5904
11.7517
-6.0883

0.0
0.0
1.0
-2.6755
11.636
-6.2883
0.0
11.636
-6.8166
0.0
11.2887
-7.0554

0.0
0.0
1.0
0.0
11.2887
-7.0554
-2.7693
11.2887
-6.5087
-2.6755
11.636
-6.2883

0.0
0.0
1.0
0.0
11.2887
-6.5851
2.5846
11.2887
-6.0747
2.5486
11.636
-5.99

0.0
0.0
1.0
2.5486
11.636
-5.99
0.0
11.636
-6.4932
0.0
11.2887
-6.5851

0.0
0.0
1.0
0.0
11.636
-6.4932
2.5486
11.636
-5.99
2.5904
11.7517
-6.0883

0.0
0.0
1.0
2.5904
11.7517
-6.0883
0.0
11.7517
-6.5998
0.0
11.636
-6.4932

0.0
0.0
1.0
0.0
11.7517
-6.5998
2.5904
11.7517
-6.0883
2.6755
11.636
-6.2883

0.0
0.0
1.0
2.6755
11.636
-6.2883
0.0
11.636
-6.8166
0.0
11.7517
-6.5998

0.0
0.0
1.0
0.0
11.636
-6.8166
2.6755
11.636
-6.2883
2.7693
11.2887
-6.5087

0.0
0.0
1.0
2.7693
11.2887
-6.5087
0.0
11.2887
-7.0554
0.0
11.636
-6.8166

0.0
0.0
1.0
2.5846
11.2887
-6.0747
4.6754
11.2887
-4.6754
4.6102
11.636
-4.6102

0.0
0.0
1.0
4.6102
11.636
-4.6102
2.5486
11.636
-5.99
2.5846
11.2887
-6.0747

0.0
0.0
1.0
2.5486
11.636
-5.99
4.6102
11.636
-4.6102
4.6858
11.7517
-4.6858

0.0
0.0
1.0
4.6858
11.7517
-4.6858
2.5904
11.7517
-6.0883
2.5486
11.636
-5.99

0.0
0.0
1.0
2.5904
11.7517
-6.0883
4.6858
11.7517
-4.6858
4.8398
11.636
-4.8398

0.0
0.0
1.0
4.8398
11.636
-4.8398
2.6755
11.636
-6.2883
2.5904
11.7517
-6.0883

0.0
0.0
1.0
2.6755
11.636
-6.2883
4.8398
11.636
-4.8398
5.0094
11.2887
-5.0094

0.0
0.0
1.0
5.0094
11.2887
-5.0094
2.7693
11.2887
-6.5087
2.6755
11.636
-6.2883

0.0
0.0
1.0
4.6754
11.2887
-4.6754
6.0747
11.2887
-2.5846
5.99
11.636
-2.5486

0.0
0.0
1.0
5.99
11.636
-2.5486
4.6102
11.636
-4.6102
4.6754
11.2887
-4.6754

0.0
0.0
1.0
4.6102
11.636
-4.6102
5.99
11.636
-2.5486
6.0883
11.7517
-2.5904

0.0
0.0
1.0
6.0883
11.7517
-2.5904
4.6858
11.7517
-4.6858
4.6102
11.636
-4.6102

0.0
0.0
1.0
4.6858
11.7517
-4.6858
6.0883
11.7517
-2.5904
6.2883
11.636
-2.6755

0.0
0.0
1.0
6.2883
11.636
-2.6755
4.8398
11.636
-4.8398
4.6858
11.7517
-4.6858

0.0
0.0
1.0
4.8398
11.636
-4.8398
6.2883
11.636
-2.6755
6.5087
11.2887
-2.7693

0.0
0.0
1.0
6.5087
11.2887
-2.7693
5.0094
11.2887
-5.0094
4.8398
11.636
-4.8398

0.0
0.0
1.0
6.0747
11.2887
-2.5846
6.5851
11.2887
-0.0
6.4932
11.636
-0.0

0.0
0.0
1.0
6.4932
11.636
-0.0
5.99
11.636
-2.5486
6.0747
11.2887
-2.5846

0.0
0.0
1.0
5.99
11.636
-2.5486
6.4932
11.636
-0.0
6.5998
11.7517
-0.0

0.0
0.0
1.0
6.5998
11.7517
-0.0
6.0883
11.7517
-2.5904
5.99
11.636
-2.5486

0.0
0.0
1.0
6.0883
11.7517
-2.5904
6.5998
11.7517
-0.0
6.8166
11.636
-0.0

0.0
0.0
1.0
6.8166
11.636
-0.0
6.2883
11.636
-2.6755
6.0883
11.7517
-2.5904

0.0
0.0
1.0
6.2883
11.636
-2.6755
6.8166
11.636
-0.0
7.0554
11.2887
-0.0

0.0
0.0
1.0
7.0554
11.2887
-0.0
6.5087
11.2887
-2.7693
6.2883
11.636
-2.6755

0.0
0.0
1.0
7.0554
11.2887
-0.0
6.5087
11.2887
2.7693
7.3053
9.4422
3.1082

0.0
0.0
1.0
7.3053
9.4422
3.1082
7.919
9.4422
-0.0
7.0554
11.2887
-0.0

0.0
0.0
1.0
7.919
9.4422
-0.0
7.3053
9.4422
3.1082
8.0002
7.6287
3.4039

0.0
0.0
1.0
8.0002
7.6287
3.4039
8.6723
7.6287
-0.0
7.919
9.4422
-0.0

0.0
0.0
1.0
8.6723
7.6287
-0.0
8.0002
7.6287
3.4039
8.4918
5.8814
3.613

0.0
0.0
1.0
8.4918
5.8814
3.613
9.2052
5.8814
-0.0
8.6723
7.6287
-0.0

0.0
0.0
1.0
9.2052
5.8814
-0.0
8.4918
5.8814
3.613
8.6782
4.2333
3.6924

0.0
0.0
1.0
8.6782
4.2333
3.6924
9.4073
4.2333
-0.0
9.2052
5.8814
-0.0

0.0
0.0
1.0
6.5087
11.2887
2.7693
5.0094
11.2887
5.0094
5.6225
9.4422
5.6225

0.0
0.0
1.0
5.6225
9.4422
5.6225
7.3053
9.4422
3.1082
6.5087
11.2887
2.7693

0.0
0.0
1.0
7.3053
9.4422
3.1082
5.6225
9.4422
5.6225
6.1574
7.6287
6.1574

0.0
0.0
1.0
6.1574
7.6287
6.1574
8.0002
7.6287
3.4039
7.3053
9.4422
3.1082

0.0
0.0
1.0
8.0002
7.6287
3.4039
6.1574
7.6287
6.1574
6.5357
5.8814
6.5357

0.0
0.0
1.0
6.5357
5.8814
6.5357
8.4918
5.8814
3.613
8.0002
7.6287
3.4039

0.0
0.0
1.0
8.4918
5.8814
3.613
6.5357
5.8814
6.5357
6.6792
4.2333
6.6792

0.0
0.0
1.0
6.6792
4.2333
6.6792
8.6782
4.2333
3.6924
8.4918
5.8814
3.613

0.0
0.0
1.0
5.0094
11.2887
5.0094
2.7693
11.2887
6.5087
3.1082
9.4422
7.3053

0.0
0.0
1.0
3.1082
9.4422
7.3053
5.6225
9.4422
5.6225
5.0094
11.2887
5.0094

0.0
0.0
1.0
5.6225
9.4422
5.6225
3.1082
9.4422
7.3053
3.4039
7.6287
8.0002

0.0
0.0
1.0
3.4039
7.6287
8.0002
6.1574
7.6287
6.1574
5.6225
9.4422
5.6225

0.0
0.0
1.0
6.1574
7.6287
6.1574
3.4039
7.6287
8.0002
3.613
5.8814
8.4918

0.0
0.0
1.0
3.613
5.8814
8.4918
6.5357
5.8814
6.5357
6.1574
7.6287
6.1574

0.0
0.0
1.0
6.5357
5.8814
6.5357
3.613
5.8814
8.4918
3.6924
4.2333
8.6782

0.0
0.0
1.0
3.6924
4.2333
8.6782
6.6792
4.2333
6.6792
6.5357
5.8814
6.5357

0.0
0.0
1.0
2.7693
11.2887
6.5087
0.0
11.2887
7.0554
0.0
9.4422
7.919

0.0
0.0
1.0
0.0
9.4422
7.919
3.1082
9.4422
7.3053
2.7693
11.2887
6.5087

0.0
0.0
1.0
3.1082
9.4422
7.3053
0.0
9.4422
7.919
0.0
7.6287
8.6723

0.0
0.0
1.0
0.0
7.6287
8.6723
3.4039
7.6287
8.0002
3.1082
9.4422
7.3053

0.0
0.0
1.0
3.4039
7.6287
8.0002
0.0
7.6287
8.6723
0.0
5.8814
9.2052

0.0
0.0
1.0
0.0
5.8814
9.2052
3.613
5.8814
8.4918
3.4039
7.6287
8.0002

0.0
0.0
1.0
3.613
5.8814
8.4918
0.0
5.8814
9.2052
0.0
4.2333
9.4073

0.0
0.0
1.0
0.0
4.2333
9.4073
3.6924
4.2333
8.6782
3.613
5.8814
8.4918

0.0
0.0
1.0
0.0
11.2887
7.0554
-2.7693
11.2887
6.5087
-3.1082
9.4422
7.3053

0.0
0.0
1.0
-3.1082
9.4422
7.3053
0.0
9.4422
7.919
0.0
11.2887
7.0554

0.0
0.0
1.0
0.0
9.4422
7.919
-3.1082
9.4422
7.3053
-3.4039
7.6287
8.0002

0.0
0.0
1.0
-3.4039
7.6287
8.0002
0.0
7.6287
8.6723
0.0
9.4422
7.919

0.0
0.0
1.0
0.0
7.6287
8.6723
-3.4039
7.6287
8.0002
-3.613
5.8814
8.4918

0.0
0.0
1.0
-3.613
5.8814
8.4918
0.0
5.8814
9.2052
0.0
7.6287
8.6723

0.0
0.0
1.0
0.0
5.8814
9.2052
-3.613
5.8814
8.4918
-3.6924
4.2333
8.6782

0.0
0.0
1.0
-3.6924
4.2333
8.6782
0.0
4.2333
9.4073
0.0
5.8814
9.2052

0.0
0.0
1.0
-2.7693
11.2887
6.5087
-5.0094
11.2887
5.0094
-5.6225
9.4422
5.6225

0.0
0.0
1.0
-5.6225
9.4422
5.6225
-3.1082
9.4422
7.3053
-2.7693
11.2887
6.5087

0.0
0.0
1.0
-3.1082
9.4422
7.3053
-5.6225
9.4422
5.6225
-6.1574
7.6287
6.1574

0.0
0.0
1.0
-6.1574
7.6287
6.1574
-3.4039
7.6287
8.0002
-3.1082
9.4422
7.3053

0.0
0.0
1.0
-3.4039
7.6287
8.0002
-6.1574
7.6287
6.1574
-6.5357
5.8814
6.5357

0.0
0.0
1.0
-6.5357
5.8814
6.5357
-3.613
5.8814
8.4918
-3.4039
7.6287
8.0002

0.0
0.0
1.0
-3.613
5.8814
8.4918
-6.5357
5.8814
6.5357
-6.6792
4.2333
6.6792

0.0
0.0
1.0
-6.6792
4.2333
6.6792
-3.6924
4.2333
8.6782
-3.613
5.8814
8.4918

0.0
0.0
1.0
-5.0094
11.2887
5.0094
-6.5087
11.2887
2.7693
-7.3053
9.4422
3.1082

0.0
0.0
1.0
-7.3053
9.4422
3.1082
-5.6225
9.4422
5.6225
-5.0094
11.2887
5.0094

0.0
0.0
1.0
-5.6225
9.4422
5.6225
-7.3053
9.4422
3.1082
-8.0002
7.6287
3.4039

0.0
0.0
1.0
-8.0002
7.6287
3.4039
-6.1574
7.6287
6.1574
-5.6225
9.4422
5.6225

0.0
0.0
1.0
-6.1574
7.6287
6.1574
-8.0002
7.6287
3.4039
-8.4918
5.8814
3.613

0.0
0.0
1.0
-8.4918
5.8814
3.613
-6.5357
5.8814
6.5357
-6.1574
7.6287
6.1574

0.0
0.0
1.0
-6.5357
5.8814
6.5357
-8.4918
5.8814
3.613
-8.6782
4.2333
3.6924

0.0
0.0
1.0
-8.6782
4.2333
3.6924
-6.6792
4.2333
6.6792
-6.5357
5.8814
6.5357

0.0
0.0
1.0
-6.5087
11.2887
2.7693
-7.0554
11.2887
-0.0
-7.919
9.4422
-0.0

0.0
0.0
1.0
-7.919
9.4422
-0.0
-7.3053
9.4422
3.1082
-6.5087
11.2887
2.7693

0.0
0.0
1.0
-7.3053
9.4422
3.1082
-7.919
9.4422
-0.0
-8.6723
7.6287
-0.0

0.0
0.0
1.0
-8.6723
7.6287
-0.0
-8.0002
7.6287
3.4039
-7.3053
9.4422
3.1082

0.0
0.0
1.0
-8.0002
7.6287
3.4039
-8.6723
7.6287
-0.0
-9.2052
5.8814
-0.0

0.0
0.0
1.0
-9.2052
5.8814
-0.0
-8.4918
5.8814
3.613
-8.0002
7.6287
3.4039

0.0
0.0
1.0
-8.4918
5.8814
3.613
-9.2052
5.8814
-0.0
-9.4073
4.2333
-0.0

0.0
0.0
1.0
-9.4073
4.2333
-0.0
-8.6782
4.2333
3.6924
-8.4918
5.8814
3.613

0.0
0.0
1.0
-7.0554
11.2887
-0.0
-6.5087
11.2887
-2.7693
-7.3053
9.4422
-3.1082

0.0
0.0
1.0
-7.3053
9.4422
-3.1082
-7.919
9.4422
-0.0
-7.0554
11.2887
-0.0

0.0
0.0
1.0
-7.919
9.4422
-0.0
-7.3053
9.4422
-3.1082
-8.0002
7.6287
-3.4039

0.0
0.0
1.0
-8.0002
7.6287
-3.4039
-8.6723
7.6287
-0.0
-7.919
9.4422
-0.0

0.0
0.0
1.0
-8.6723
7.6287
-0.0
-8.0002
7.6287
-3.4039
-8.4918
5.8814
-3.613

0.0
0.0
1.0
-8.4918
5.8814
-3.613
-9.2052
5.8814
-0.0
-8.6723
7.6287
-0.0

0.0
0.0
1.0
-9.2052
5.8814
-0.0
-8.4918
5.8814
-3.613
-8.6782
4.2333
-3.6924

0.0
0.0
1.0
-8.6782
4.2333
-3.6924
-9.4073
4.2333
-0.0
-9.2052
5.8814
-0.0

0.0
0.0
1.0
-6.5087
11.2887
-2.7693
-5.0094
11.2887
-5.0094
-5.6225
9.4422
-5.6225

0.0
0.0
1.0
-5.6225
9.4422
-5.6225
-7.3053
9.4422
-3.1082
-6.5087
11.2887
-2.7693

0.0
0.0
1.0
-7.3053
9.4422
-3.1082
-5.6225
9.4422
-5.6225
-6.1574
7.6287
-6.1574

0.0
0.0
1.0
-6.1574
7.6287
-6.1574
-8.0002
7.6287
-3.4039
-7.3053
9.4422
-3.1082

0.0
0.0
1.0
-8.0002
7.6287
-3.4039
-6.1574
7.6287
-6.1574
-6.5357
5.8814
-6.5357

0.0
0.0
1.0
-6.5357
5.8814
-6.5357
-8.4918
5.8814
-3.613
-8.0002
7.6287
-3.4039

0.0
0.0
1.0
-8.4918
5.8814
-3.613
-6.5357
5.8814
-6.5357
-6.6792
4.2333
-6.6792

0.0
0.0
1.0
-6.6792
4.2333
-6.6792
-8.6782
4.2333
-3.6924
-8.4918
5.8814
-3.613

0.0
0.0
1.0
-5.0094
11.2887
-5.0094
-2.7693
11.2887
-6.5087
-3.1082
9.4422
-7.3053

0.0
0.0
1.0
-3.1082
9.4422
-7.3053
-5.6225
9.4422
-5.6225
-5.0094
11.2887
-5.0094

0.0
0.0
1.0
-5.6225
9.4422
-5.6225
-3.1082
9.4422
-7.3053
-3.4039
7.6287
-8.0002

0.0
0.0
1.0
-3.4039
7.6287
-8.0002
-6.1574
7.6287
-6.1574
-5.6225
9.4422
-5.6225

0.0
0.0
1.0
-6.1574
7.6287
-6.1574
-3.4039
7.6287
-8.0002
-3.613
5.8814
-8.4918

0.0
0.0
1.0
-3.613
5.8814
-8.4918
-6.5357
5.8814
-6.5357
-6.1574
7.6287
-6.1574

0.0
0.0
1.0
-6.5357
5.8814
-6.5357
-3.613
5.8814
-8.4918
-3.6924
4.2333
-8.6782

0.0
0.0
1.0
-3.6924
4.2333
-8.6782
-6.6792
4.2333
-6.6792
-6.5357
5.8814
-6.5357

0.0
0.0
1.0
-2.7693
11.2887
-6.5087
0.0
11.2887
-7.0554
0.0
9.4422
-7.919

0.0
0.0
1.0
0.0
9.4422
-7.919
-3.1082
9.4422
-7.3053
-2.7693
11.2887
-6.5087

0.0
0.0
1.0
-3.1082
9.4422
-7.3053
0.0
9.4422
-7.919
0.0
7.6287
-8.6723

0.0
0.0
1.0
0.0
7.6287
-8.6723
-3.4039
7.6287
-8.0002
-3.1082
9.4422
-7.3053

0.0
0.0
1.0
-3.4039
7.6287
-8.0002
0.0
7.6287
-8.6723
0.0
5.8814
-9.2052

0.0
0.0
1.0
0.0
5.8814
-9.2052
-3.613
5.8814
-8.4918
-3.4039
7.6287
-8.0002

0.0
0.0
1.0
-3.613
5.8814
-8.4918
0.0
5.8814
-9.2052
0.0
4.2333
-9.4073

0.0
0.0
1.0
0.0
4.2333
-9.4073
-3.6924
4.2333
-8.6782
-3.613
5.8814
-8.4918

0.0
0.0
1.0
0.0
11.2887
-7.0554
2.7693
11.2887
-6.5087
3.1082
9.4422
-7.3053

0.0
0.0
1.0
3.1082
9.4422
-7.3053
0.0
9.4422
-7.919
0.0
11.2887
-7.0554

0.0
0.0
1.0
0.0
9.4422
-7.919
3.1082
9.4422
-7.3053
3.4039
7.6287
-8.0002

0.0
0.0
1.0
3.4039
7.6287
-8.0002
0.0
7.6287
-8.6723
0.0
9.4422
-7.919

0.0
0.0
1.0
0.0
7.6287
-8.6723
3.4039
7.6287
-8.0002
3.613
5.8814
-8.4918

0.0
0.0
1.0
3.613
5.8814
-8.4918
0.0
5.8814
-9.2052
0.0
7.6287
-8.6723

0.0
0.0
1.0
0.0
5.8814
-9.2052
3.613
5.8814
-8.4918
3.6924
4.2333
-8.6782

0.0
0.0
1.0
3.6924
4.2333
-8.6782
0.0
4.2333
-9.4073
0.0
5.8814
-9.2052

0.0
0.0
1.0
2.7693
11.2887
-6.5087
5.0094
11.2887
-5.0094
5.6225
9.4422
-5.6225

0.0
0.0
1.0
5.6225
9.4422
-5.6225
3.1082
9.4422
-7.3053
2.7693
11.2887
-6.5087

0.0
0.0
1.0
3.1082
9.4422
-7.3053
5.6225
9.4422
-5.6225
6.1574
7.6287
-6.1574

0.0
0.0
1.0
6.1574
7.6287
-6.1574
3.4039
7.6287
-8.0002
3.1082
9.4422
-7.3053

0.0
0.0
1.0
3.4039
7.6287
-8.0002
6.1574
7.6287
-6.1574
6.5357
5.8814
-6.5357

0.0
0.0
1.0
6.5357
5.8814
-6.5357
3.613
5.8814
-8.4918
3.4039
7.6287
-8.0002

0.0
0.0
1.0
3.613
5.8814
-8.4918
6.5357
5.8814
-6.5357
6.6792
4.2333
-6.6792

0.0
0.0
1.0
6.6792
4.2333
-6.6792
3.6924
4.2333
-8.6782
3.613
5.8814
-8.4918

0.0
0.0
1.0
5.0094
11.2887
-5.0094
6.5087
11.2887
-2.7693
7.3053
9.4422
-3.1082

0.0
0.0
1.0
7.3053
9.4422
-3.1082
5.6225
9.4422
-5.6225
5.0094
11.2887
-5.0094

0.0
0.0
1.0
5.6225
9.4422
-5.6225
7.3053
9.4422
-3.1082
8.0002
7.6287
-3.4039

0.0
0.0
1.0
8.0002
7.6287
-3.4039
6.1574
7.6287
-6.1574
5.6225
9.4422
-5.6225

0.0
0.0
1.0
6.1574
7.6287
-6.1574
8.0002
7.6287
-3.4039
8.4918
5.8814
-3.613

0.0
0.0
1.0
8.4918
5.8814
-3.613
6.5357
5.8814
-6.5357
6.1574
7.6287
-6.1574

0.0
0.0
1.0
6.5357
5.8814
-6.5357
8.4918
5.8814
-3.613
8.6782
4.2333
-3.6924

0.0
0.0
1.0
8.6782
4.2333
-3.6924
6.6792
4.2333
-6.6792
6.5357
5.8814
-6.5357

0.0
0.0
1.0
6.5087
11.2887
-2.7693
7.0554
11.2887
-0.0
7.919
9.4422
-0.0

0.0
0.0
1.0
7.919
9.4422
-0.0
7.3053
9.4422
-3.1082
6.5087
11.2887
-2.7693

0.0
0.0
1.0
7.3053
9.4422
-3.1082
7.919
9.4422
-0.0
8.6723
7.6287
-0.0

0.0
0.0
1.0
8.6723
7.6287
-0.0
8.0002
7.6287
-3.4039
7.3053
9.4422
-3.1082

0.0
0.0
1.0
8.0002
7.6287
-3.4039
8.6723
7.6287
-0.0
9.2052
5.8814
-0.0

0.0
0.0
1.0
9.2052
5.8814
-0.0
8.4918
5.8814
-3.613
8.0002
7.6287
-3.4039

0.0
0.0
1.0
8.4918
5.8814
-3.613
9.2052
5.8814
-0.0
9.4073
4.2333
-0.0

0.0
0.0
1.0
9.4073
4.2333
-0.0
8.6782
4.2333
-3.6924
8.4918
5.8814
-3.613

0.0
0.0
1.0
9.4073
4.2333
-0.0
8.6782
4.2333
3.6924
8.3392
2.8387
3.5481

0.0
0.0
1.0
8.3392
2.8387
3.5481
9.0398
2.8387
-0.0
9.4073
4.2333
-0.0

0.0
0.0
1.0
9.0398
2.8387
-0.0
8.3392
2.8387
3.5481
7.5934
1.808
3.2308

0.0
0.0
1.0
7.5934
1.808
3.2308
8.2314
1.808
-0.0
9.0398
2.8387
-0.0

0.0
0.0
1.0
8.2314
1.808
-0.0
7.5934
1.808
3.2308
6.8476
1.1079
2.9135

0.0
0.0
1.0
6.8476
1.1079
2.9135
7.4229
1.1079
-0.0
8.2314
1.808
-0.0

0.0
0.0
1.0
7.4229
1.1079
-0.0
6.8476
1.1079
2.9135
6.5087
0.7055
2.7693

0.0
0.0
1.0
6.5087
0.7055
2.7693
7.0554
0.7055
-0.0
7.4229
1.1079
-0.0

0.0
0.0
1.0
8.6782
4.2333
3.6924
6.6792
4.2333
6.6792
6.4183
2.8387
6.4183

0.0
0.0
1.0
6.4183
2.8387
6.4183
8.3392
2.8387
3.5481
8.6782
4.2333
3.6924

0.0
0.0
1.0
8.3392
2.8387
3.5481
6.4183
2.8387
6.4183
5.8443
1.808
5.8443

0.0
0.0
1.0
5.8443
1.808
5.8443
7.5934
1.808
3.2308
8.3392
2.8387
3.5481

0.0
0.0
1.0
7.5934
1.808
3.2308
5.8443
1.808
5.8443
5.2703
1.1079
5.2703

0.0
0.0
1.0
5.2703
1.1079
5.2703
6.8476
1.1079
2.9135
7.5934
1.808
3.2308

0.0
0.0
1.0
6.8476
1.1079
2.9135
5.2703
1.1079
5.2703
5.0094
0.7055
5.0094

0.0
0.0
1.0
5.0094
0.7055
5.0094
6.5087
0.7055
2.7693
6.8476
1.1079
2.9135

0.0
0.0
1.0
6.6792
4.2333
6.6792
3.6924
4.2333
8.6782
3.5481
2.8387
8.3392

0.0
0.0
1.0
3.5481
2.8387
8.3392
6.4183
2.8387
6.4183
6.6792
4.2333
6.6792

0.0
0.0
1.0
6.4183
2.8387
6.4183
3.5481
2.8387
8.3392
3.2308
1.808
7.5934

0.0
0.0
1.0
3.2308
1.808
7.5934
5.8443
1.808
5.8443
6.4183
2.8387
6.4183

0.0
0.0
1.0
5.8443
1.808
5.8443
3.2308
1.808
7.5934
2.9135
1.1079
6.8476

0.0
0.0
1.0
2.9135
1.1079
6.8476
5.2703
1.1079
5.2703
5.8443
1.808
5.8443

0.0
0.0
1.0
5.2703
1.1079
5.2703
2.9135
1.1079
6.8476
2.7693
0.7055
6.5087

0.0
0.0
1.0
2.7693
0.7055
6.5087
5.0094
0.7055
5.0094
5.2703
1.1079
5.2703

0.0
0.0
1.0
3.6924
4.2333
8.6782
0.0
4.2333
9.4073
0.0
2.8387
9.0398

0.0
0.0
1.0
0.0
2.8387
9.0398
3.5481
2.8387
8.3392
3.6924
4.2333
8.6782

0.0
0.0
1.0
3.5481
2.8387
8.3392
0.0
2.8387
9.0398
0.0
1.808
8.2314

0.0
0.0
1.0
0.0
1.808
8.2314
3.2308
1.808
7.5934
3.5481
2.8387
8.3392

0.0
0.0
1.0
3.2308
1.808
7.5934
0.0
1.808
8.2314
0.0
1.1079
7.4229

0.0
0.0
1.0
0.0
1.1079
7.4229
2.9135
1.1079
6.8476
3.2308
1.808
7.5934

0.0
0.0
1.0
2.9135
1.1079
6.8476
0.0
1.1079
7.4229
0.0
0.7055
7.0554

0.0
0.0
1.0
0.0
0.7055
7.0554
2.7693
0.7055
6.5087
2.9135
1.1079
6.8476

0.0
0.0
1.0
0.0
4.2333
9.4073
-3.6924
4.2333
8.6782
-3.5481
2.8387
8.3392

0.0
0.0
1.0
-3.5481
2.8387
8.3392
0.0
2.8387
9.0398
0.0
4.2333
9.4073

0.0
0.0
1.0
0.0
2.8387
9.0398
-3.5481
2.8387
8.3392
-3.2308
1.808
7.5934

0.0
0.0
1.0
-3.2308
1.808
7.5934
0.0
1.808
8.2314
0.0
2.8387
9.0398

0.0
0.0
1.0
0.0
1.808
8.2314
-3.2308
1.808
7.5934
-2.9135
1.1079
6.8476

0.0
0.0
1.0
-2.9135
1.1079
6.8476
0.0
1.1079
7.4229
0.0
1.808
8.2314

0.0
0.0
1.0
0.0
1.1079
7.4229
-2.9135
1.1079
6.8476
-2.7693
0.7055
6.5087

0.0
0.0
1.0
-2.7693
0.7055
6.5087
0.0
0.7055
7.0554
0.0
1.1079
7.4229

0.0
0.0
1.0
-3.6924
4.2333
8.6782
-6.6792
4.2333
6.6792
-6.4183
2.8387
6.4183

0.0
0.0
1.0
-6.4183
2.8387
6.4183
-3.5481
2.8387
8.3392
-3.6924
4.2333
8.6782

0.0
0.0
1.0
-3.5481
2.8387
8.3392
-6.4183
2.8387
6.4183
-5.8443
1.808
5.8443

0.0
0.0
1.0
-5.8443
1.808
5.8443
-3.2308
1.808
7.5934
-3.5481
2.8387
8.3392

0.0
0.0
1.0
-3.2308
1.808
7.5934
-5.8443
1.808
5.8443
-5.2703
1.1079
5.2703

0.0
0.0
1.0
-5.2703
1.1079
5.2703
-2.9135
1.1079
6.8476
-3.2308
1.808
7.5934

0.0
0.0
1.0
-2.9135
1.1079
6.8476
-5.2703
1.1079
5.2703
-5.0094
0.7055
5.0094

0.0
0.0
1.0
-5.0094
0.7055
5.0094
-2.7693
0.7055
6.5087
-2.9135
1.1079
6.8476

0.0
0.0
1.0
-6.6792
4.2333
6.6792
-8.6782
4.2333
3.6924
-8.3392
2.8387
3.5481

0.0
0.0
1.0
-8.3392
2.8387
3.5481
-6.4183
2.8387
6.4183
-6.6792
4.2333
6.6792

0.0
0.0
1.0
-6.4183
2.8387
6.4183
-8.3392
2.8387
3.5481
-7.5934
1.808
3.2308

0.0
0.0
1.0
-7.5934
1.808
3.2308
-5.8443
1.808
5.8443
-6.4183
2.8387
6.4183

0.0
0.0
1.0
-5.8443
1.808
5.8443
-7.5934
1.808
3.2308
-6.8476
1.1079
2.9135

0.0
0.0
1.0
-6.8476
1.1079
2.9135
-5.2703
1.1079
5.2703
-5.8443
1.808
5.8443

0.0
0.0
1.0
-5.2703
1.1079
5.2703
-6.8476
1.1079
2.9135
-6.5087
0.7055
2.7693

0.0
0.0
1.0
-6.5087
0.7055
2.7693
-5.0094
0.7055
5.0094
-5.2703
1.1079
5.2703

0.0
0.0
1.0
-8.6782
4.2333
3.6924
-9.4073
4.2333
-0.0
-9.0398
2.8387
-0.0

0.0
0.0
1.0
-9.0398
2.8387
-0.0
-8.3392
2.8387
3.5481
-8.6782
4.2333
3.6924

0.0
0.0
1.0
-8.3392
2.8387
3.5481
-9.0398
2.8387
-0.0
-8.2314
1.808
-0.0

0.0
0.0
1.0
-8.2314
1.808
-0.0
-7.5934
1.808
3.2308
-8.3392
2.8387
3.5481

0.0
0.0
1.0
-7.5934
1.808
3.2308
-8.2314
1.808
-0.0
-7.4229
1.1079
-0.0

0.0
0.0
1.0
-7.4229
1.1079
-0.0
-6.8476
1.1079
2.9135
-7.5934
1.808
3.2308

0.0
0.0
1.0
-6.8476
1.1079
2.9135
-7.4229
1.1079
-0.0
-7.0554
0.7055
-0.0

0.0
0.0
1.0
-7.0554
0.7055
-0.0
-6.5087
0.7055
2.7693
-6.8476
1.1079
2.9135

0.0
0.0
1.0
-9.4073
4.2333
-0.0
-8.6782
4.2333
-3.6924
-8.3392
2.8387
-3.5481

0.0
0.0
1.0
-8.3392
2.8387
-3.5481
-9.0398
2.8387
-0.0
-9.4073
4.2333
-0.0

0.0
0.0
1.0
-9.0398
2.8387
-0.0
-8.3392
2.8387
-3.5481
-7.5934
1.808
-3.2308

0.0
0.0
1.0
-7.5934
1.808
-3.2308
-8.2314
1.808
-0.0
-9.0398
2.8387
-0.0

0.0
0.0
1.0
-8.2314
1.808
-0.0
-7.5934
1.808
-3.2308
-6.8476
1.1079
-2.9135

0.0
0.0
1.0
-6.8476
1.1079
-2.9135
-7.4229
1.1079
-0.0
-8.2314
1.808
-0.0

0.0
0.0
1.0
-7.4229
1.1079
-0.0
-6.8476
1.1079
-2.9135
-6.5087
0.7055
-2.7693

0.0
0.0
1.0
-6.5087
0.7055
-2.7693
-7.0554
0.7055
-0.0
-7.4229
1.1079
-0.0

0.0
0.0
1.0
-8.6782
4.2333
-3.6924
-6.6792
4.2333
-6.6792
-6.4183
2.8387
-6.4183

0.0
0.0
1.0
-6.4183
2.8387
-6.4183
-8.3392
2.8387
-3.5481
-8.6782
4.2333
-3.6924

0.0
0.0
1.0
-8.3392
2.8387
-3.5481
-6.4183
2.8387
-6.4183
-5.8443
1.808
-5.8443

0.0
0.0
1.0
-5.8443
1.808
-5.8443
-7.5934
1.808
-3.2308
-8.3392
2.8387
-3.5481

0.0
0.0
1.0
-7.5934
1.808
-3.2308
-5.8443
1.808
-5.8443
-5.2703
1.1079
-5.2703

0.0
0.0
1.0
-5.2703
1.1079
-5.2703
-6.8476
1.1079
-2.9135
-7.5934
1.808
-3.2308

0.0
0.0
1.0
-6.8476
1.1079
-2.9135
-5.2703
1.1079
-5.2703
-5.0094
0.7055
-5.0094

0.0
0.0
1.0
-5.0094
0.7055
-5.0094
-6.5087
0.7055
-2.7693
-6.8476
1.1079
-2.9135

0.0
0.0
1.0
-6.6792
4.2333
-6.6792
-3.6924
4.2333
-8.6782
-3.5481
2.8387
-8.3392

0.0
0.0
1.0
-3.5481
2.8387
-8.3392
-6.4183
2.8387
-6.4183
-6.6792
4.2333
-6.6792

0.0
0.0
1.0
-6.4183
2.8387
-6.4183
-3.5481
2.8387
-8.3392
-3.2308
1.808
-7.5934

0.0
0.0
1.0
-3.2308
1.808
-7.5934
-5.8443
1.808
-5.8443
-6.4183
2.8387
-6.4183

0.0
0.0
1.0
-5.8443
1.808
-5.8443
-3.2308
1.808
-7.5934
-2.9135
1.1079
-6.8476

0.0
0.0
1.0
-2.9135
1.1079
-6.8476
-5.2703
1.1079
-5.2703
-5.8443
1.808
-5.8443

0.0
0.0
1.0
-5.2703
1.1079
-5.2703
-2.9135
1.1079
-6.8476
-2.7693
0.7055
-6.5087

0.0
0.0
1.0
-2.7693
0.7055
-6.5087
-5.0094
0.7055
-5.0094
-5.2703
1.1079
-5.2703

0.0
0.0
1.0
-3.6924
4.2333
-8.6782
0.0
4.2333
-9.4073
0.0
2.8387
-9.0398

0.0
0.0
1.0
0.0
2.8387
-9.0398
-3.5481
2.8387
-8.3392
-3.6924
4.2333
-8.6782

0.0
0.0
1.0
-3.5481
2.8387
-8.3392
0.0
2.8387
-9.0398
0.0
1.808
-8.2314

0.0
0.0
1.0
0.0
1.808
-8.2314
-3.2308
1.808
-7.5934
-3.5481
2.8387
-8.3392

0.0
0.0
1.0
-3.2308
1.808
-7.5934
0.0
1.808
-8.2314
0.0
1.1079
-7.4229

0.0
0.0
1.0
0.0
1.1079
-7.4229
-2.9135
1.1079
-6.8476
-3.2308
1.808
-7.5934

0.0
0.0
1.0
-2.9135
1.1079
-6.8476
0.0
1.1079
-7.4229
0.0
0.7055
-7.0554

0.0
0.0
1.0
0.0
0.7055
-7.0554
-2.7693
0.7055
-6.5087
-2.9135
1.1079
-6.8476

0.0
0.0
1.0
0.0
4.2333
-9.4073
3.6924
4.2333
-8.6782
3.5481
2.8387
-8.3392

0.0
0.0
1.0
3.5481
2.8387
-8.3392
0.0
2.8387
-9.0398
0.0
4.2333
-9.4073

0.0
0.0
1.0
0.0
2.8387
-9.0398
3.5481
2.8387
-8.3392
3.2308
1.808
-7.5934

0.0
0.0
1.0
3.2308
1.808
-7.5934
0.0
1.808
-8.2314
0.0
2.8387
-9.0398

0.0
0.0
1.0
0.0
1.808
-8.2314
3.2308
1.808
-7.5934
2.9135
1.1079
-6.8476

0.0
0.0
1.0
2.9135
1.1079
-6.8476
0.0
1.1079
-7.4229
0.0
1.808
-8.2314

0.0
0.0
1.0
0.0
1.1079
-7.4229
2.9135
1.1079
-6.8476
2.7693
0.7055
-6.5087

0.0
0.0
1.0
2.7693
0.7055
-6.5087
0.0
0.7055
-7.0554
0.0
1.1079
-7.4229

0.0
0.0
1.0
3.6924
4.2333
-8.6782
6.6792
4.2333
-6.6792
6.4183
2.8387
-6.4183

0.0
0.0
1.0
6.4183
2.8387
-6.4183
3.5481
2.8387
-8.3392
3.6924
4.2333
-8.6782

0.0
0.0
1.0
3.5481
2.8387
-8.3392
6.4183
2.8387
-6.4183
5.8443
1.808
-5.8443

0.0
0.0
1.0
5.8443
1.808
-5.8443
3.2308
1.808
-7.5934
3.5481
2.8387
-8.3392

0.0
0.0
1.0
3.2308
1.808
-7.5934
5.8443
1.808
-5.8443
5.2703
1.1079
-5.2703

0.0
0.0
1.0
5.2703
1.1079
-5.2703
2.9135
1.1079
-6.8476
3.2308
1.808
-7.5934

0.0
0.0
1.0
2.9135
1.1079
-6.8476
5.2703
1.1079
-5.2703
5.0094
0.7055
-5.0094

0.0
0.0
1.0
5.0094
0.7055
-5.0094
2.7693
0.7055
-6.5087
2.9135
1.1079
-6.8476

0.0
0.0
1.0
6.6792
4.2333
-6.6792
8.6782
4.2333
-3.6924
8.3392
2.8387
-3.5481

0.0
0.0
1.0
8.3392
2.8387
-3.5481
6.4183
2.8387
-6.4183
6.6792
4.2333
-6.6792

0.0
0.0
1.0
6.4183
2.8387
-6.4183
8.3392
2.8387
-3.5481
7.5934
1.808
-3.2308

0.0
0.0
1.0
7.5934
1.808
-3.2308
5.8443
1.808
-5.8443
6.4183
2.8387
-6.4183

0.0
0.0
1.0
5.8443
1.808
-5.8443
7.5934
1.808
-3.2308
6.8476
1.1079
-2.9135

0.0
0.0
1.0
6.8476
1.1079
-2.9135
5.2703
1.1079
-5.2703
5.8443
1.808
-5.8443

0.0
0.0
1.0
5.2703
1.1079
-5.2703
6.8476
1.1079
-2.9135
6.5087
0.7055
-2.7693

0.0
0.0
1.0
6.5087
0.7055
-2.7693
5.0094
0.7055
-5.0094
5.2703
1.1079
-5.2703

0.0
0.0
1.0
8.6782
4.2333
-3.6924
9.4073
4.2333
-0.0
9.0398
2.8387
-0.0

0.0
0.0
1.0
9.0398
2.8387
-0.0
8.3392
2.8387
-3.5481
8.6782
4.2333
-3.6924

0.0
0.0
1.0
8.3392
2.8387
-3.5481
9.0398
2.8387
-0.0
8.2314
1.808
-0.0

0.0
0.0
1.0
8.2314
1.808
-0.0
7.5934
1.808
-3.2308
8.3392
2.8387
-3.5481

0.0
0.0
1.0
7.5934
1.808
-3.2308
8.2314
1.808
-0.0
7.4229
1.1079
-0.0

0.0
0.0
1.0
7.4229
1.1079
-0.0
6.8476
1.1079
-2.9135
7.5934
1.808
-3.2308

0.0
0.0
1.0
6.8476
1.1079
-2.9135
7.4229
1.1079
-0.0
7.0554
0.7055
-0.0

0.0
0.0
1.0
7.0554
0.7055
-0.0
6.5087
0.7055
-2.7693
6.8476
1.1079
-2.9135

0.0
0.0
1.0
7.0554
0.7055
-0.0
6.5087
0.7055
2.7693
6.3612
0.4465
2.7065

0.0
0.0
1.0
6.3612
0.4465
2.7065
6.8956
0.4465
-0.0
7.0554
0.7055
-0.0

0.0
0.0
1.0
6.8956
0.4465
-0.0
6.3612
0.4465
2.7065
5.573
0.2205
2.3712

0.0
0.0
1.0
5.573
0.2205
2.3712
6.0412
0.2205
-0.0
6.8956
0.4465
-0.0

0.0
0.0
1.0
6.0412
0.2205
-0.0
5.573
0.2205
2.3712
3.6255
0.0606
1.5426

0.0
0.0
1.0
3.6255
0.0606
1.5426
3.9301
0.0606
-0.0
6.0412
0.2205
-0.0

0.0
0.0
1.0
3.9301
0.0606
-0.0
3.6255
0.0606
1.5426
0.0
0.0
-0.0

0.0
0.0
1.0
0.0
0.0
-0.0
0.0
0.0
-0.0
3.9301
0.0606
-0.0

0.0
0.0
1.0
6.5087
0.7055
2.7693
5.0094
0.7055
5.0094
4.8959
0.4465
4.8959

0.0
0.0
1.0
4.8959
0.4465
4.8959
6.3612
0.4465
2.7065
6.5087
0.7055
2.7693

0.0
0.0
1.0
6.3612
0.4465
2.7065
4.8959
0.4465
4.8959
4.2893
0.2205
4.2893

0.0
0.0
1.0
4.2893
0.2205
4.2893
5.573
0.2205
2.3712
6.3612
0.4465
2.7065

0.0
0.0
1.0
5.573
0.2205
2.3712
4.2893
0.2205
4.2893
2.7904
0.0606
2.7904

0.0
0.0
1.0
2.7904
0.0606
2.7904
3.6255
0.0606
1.5426
5.573
0.2205
2.3712

0.0
0.0
1.0
3.6255
0.0606
1.5426
2.7904
0.0606
2.7904
0.0
0.0
-0.0

0.0
0.0
1.0
0.0
0.0
-0.0
0.0
0.0
-0.0
3.6255
0.0606
1.5426

0.0
0.0
1.0
5.0094
0.7055
5.0094
2.7693
0.7055
6.5087
2.7065
0.4465
6.3612

0.0
0.0
1.0
2.7065
0.4465
6.3612
4.8959
0.4465
4.8959
5.0094
0.7055
5.0094

0.0
0.0
1.0
4.8959
0.4465
4.8959
2.7065
0.4465
6.3612
2.3712
0.2205
5.573

0.0
0.0
1.0
2.3712
0.2205
5.573
4.2893
0.2205
4.2893
4.8959
0.4465
4.8959

0.0
0.0
1.0
4.2893
0.2205
4.2893
2.3712
0.2205
5.573
1.5426
0.0606
3.6255

0.0
0.0
1.0
1.5426
0.0606
3.6255
2.7904
0.0606
2.7904
4.2893
0.2205
4.2893

0.0
0.0
1.0
2.7904
0.0606
2.7904
1.5426
0.0606
3.6255
0.0
0.0
-0.0

0.0
0.0
1.0
0.0
0.0
-0.0
0.0
0.0
-0.0
2.7904
0.0606
2.7904

0.0
0.0
1.0
2.7693
0.7055
6.5087
0.0
0.7055
7.0554
0.0
0.4465
6.8956

0.0
0.0
1.0
0.0
0.4465
6.8956
2.7065
0.4465
6.3612
2.7693
0.7055
6.5087

0.0
0.0
1.0
2.7065
0.4465
6.3612
0.0
0.4465
6.8956
0.0
0.2205
6.0412

0.0
0.0
1.0
0.0
0.2205
6.0412
2.3712
0.2205
5.573
2.7065
0.4465
6.3612

0.0
0.0
1.0
2.3712
0.2205
5.573
0.0
0.2205
6.0412
0.0
0.0606
3.9301

0.0
0.0
1.0
0.0
0.0606
3.9301
1.5426
0.0606
3.6255
2.3712
0.2205
5.573

0.0
0.0
1.0
1.5426
0.0606
3.6255
0.0
0.0606
3.9301
0.0
0.0
-0.0

0.0
0.0
1.0
0.0
0.0
-0.0
0.0
0.0
-0.0
1.5426
0.0606
3.6255

0.0
0.0
1.0
0.0
0.7055
7.0554
-2.7693
0.7055
6.5087
-2.7065
0.4465
6.3612

0.0
0.0
1.0
-2.7065
0.4465
6.3612
0.0
0.4465
6.8956
0.0
0.7055
7.0554

0.0
0.0
1.0
0.0
0.4465
6.8956
-2.7065
0.4465
6.3612
-2.3712
0.2205
5.573

0.0
0.0
1.0
-2.3712
0.2205
5.573
0.0
0.2205
6.0412
0.0
0.4465
6.8956

0.0
0.0
1.0
0.0
0.2205
6.0412
-2.3712
0.2205
5.573
-1.5426
0.0606
3.6255

0.0
0.0
1.0
-1.5426
0.0606
3.6255
0.0
0.0606
3.9301
0.0
0.2205
6.0412

0.0
0.0
1.0
0.0
0.0606
3.9301
-1.5426
0.0606
3.6255
0.0
0.0
-0.0

0.0
0.0
1.0
0.0
0.0
-0.0
0.0
0.0
-0.0
0.0
0.0606
3.9301

0.0
0.0
1.0
-2.7693
0.7055
6.5087
-5.0094
0.7055
5.0094
-4.8959
0.4465
4.8959

0.0
0.0
1.0
-4.8959
0.4465
4.8959
-2.7065
0.4465
6.3612
-2.7693
0.7055
6.5087

0.0
0.0
1.0
-2.7065
0.4465
6.3612
-4.8959
0.4465
4.8959
-4.2893
0.2205
4.2893

0.0
0.0
1.0
-4.2893
0.2205
4.2893
-2.3712
0.2205
5.573
-2.7065
0.4465
6.3612

0.0
0.0
1.0
-2.3712
0.2205
5.573
-4.2893
0.2205
4.2893
-2.7904
0.0606
2.7904

0.0
0.0
1.0
-2.7904
0.0606
2.7904
-1.5426
0.0606
3.6255
-2.3712
0.2205
5.573

0.0
0.0
1.0
-1.5426
0.0606
3.6255
-2.7904
0.0606
2.7904
0.0
0.0
-0.0

0.0
0.0
1.0
0.0
0.0
-0.0
0.0
0.0
-0.0
-1.5426
0.0606
3.6255

0.0
0.0
1.0
-5.0094
0.7055
5.0094
-6.5087
0.7055
2.7693
-6.3612
0.4465
2.7065

0.0
0.0
1.0
-6.3612
0.4465
2.7065
-4.8959
0.4465
4.8959
-5.0094
0.7055
5.0094

0.0
0.0
1.0
-4.8959
0.4465
4.8959
-6.3612
0.4465
2.7065
-5.573
0.2205
2.3712

0.0
0.0
1.0
-5.573
0.2205
2.3712
-4.2893
0.2205
4.2893
-4.8959
0.4465
4.8959

0.0
0.0
1.0
-4.2893
0.2205
4.2893
-5.573
0.2205
2.3712
-3.6255
0.0606
1.5426

0.0
0.0
1.0
-3.6255
0.0606
1.5426
-2.7904
0.0606
2.7904
-4.2893
0.2205
4.2893

0.0
0.0
1.0
-2.7904
0.0606
2.7904
-3.6255
0.0606
1.5426
0.0
0.0
-0.0

0.0
0.0
1.0
0.0
0.0
-0.0
0.0
0.0
-0.0
-2.7904
0.0606
2.7904

0.0
0.0
1.0
-6.5087
0.7055
2.7693
-7.0554
0.7055
-0.0
-6.8956
0.4465
-0.0

0.0
0.0
1.0
-6.8956
0.4465
-0.0
-6.3612
0.4465
2.7065
-6.5087
0.7055
2.7693

0.0
0.0
1.0
-6.3612
0.4465
2.7065
-6.8956
0.4465
-0.0
-6.0412
0.2205
-0.0

0.0
0.0
1.0
-6.0412
0.2205
-0.0
-5.573
0.2205
2.3712
-6.3612
0.4465
2.7065

0.0
0.0
1.0
-5.573
0.2205
2.3712
-6.0412
0.2205
-0.0
-3.9301
0.0606
-0.0

0.0
0.0
1.0
-3.9301
0.0606
-0.0
-3.6255
0.0606
1.5426
-5.573
0.2205
2.3712

0.0
0.0
1.0
-3.6255
0.0606
1.5426
-3.9301
0.0606
-0.0
0.0
0.0
-0.0

0.0
0.0
1.0
0.0
0.0
-0.0
0.0
0.0
-0.0
-3.6255
0.0606
1.5426

0.0
0.0
1.0
-7.0554
0.7055
-0.0
-6.5087
0.7055
-2.7693
-6.3612
0.4465
-2.7065

0.0
0.0
1.0
-6.3612
0.4465
-2.7065
-6.8956
0.4465
-0.0
-7.0554
0.7055
-0.0

0.0
0.0
1.0
-6.8956
0.4465
-0.0
-6.3612
0.4465
-2.7065
-5.573
0.2205
-2.3712

0.0
0.0
1.0
-5.573
0.2205
-2.3712
-6.0412
0.2205
-0.0
-6.8956
0.4465
-0.0

0.0
0.0
1.0
-6.0412
0.2205
-0.0
-5.573
0.2205
-2.3712
-3.6255
0.0606
-1.5426

0.0
0.0
1.0
-3.6255
0.0606
-1.5426
-3.9301
0.0606
-0.0
-6.0412
0.2205
-0.0

0.0
0.0
1.0
-3.9301
0.0606
-0.0
-3.6255
0.0606
-1.5426
0.0
0.0
-0.0

0.0
0.0
1.0
0.0
0.0
-0.0
0.0
0.0
-0.0
-3.9301
0.0606
-0.0

0.0
0.0
1.0
-6.5087
0.7055
-2.7693
-5.0094
0.7055
-5.0094
-4.8959
0.4465
-4.8959

0.0
0.0
1.0
-4.8959
0.4465
-4.8959
-6.3612
0.4465
-2.7065
-6.5087
0.7055
-2.7693

0.0
0.0
1.0
-6.3612
0.4465
-2.7065
-4.8959
0.4465
-4.8959
-4.2893
0.2205
-4.2893

0.0
0.0
1.0
-4.2893
0.2205
-4.2893
-5.573
0.2205
-2.3712
-6.3612
0.4465
-2.7065

0.0
0.0
1.0
-5.573
0.2205
-2.3712
-4.2893
0.2205
-4.2893
-2.7904
0.0606
-2.7904

0.0
0.0
1.0
-2.7904
0.0606
-2.7904
-3.6255
0.0606
-1.5426
-5.573
0.2205
-2.3712

0.0
0.0
1.0
-3.6255
0.0606
-1.5426
-2.7904
0.0606
-2.7904
0.0
0.0
-0.0

0.0
0.0
1.0
0.0
0.0
-0.0
0.0
0.0
-0.0
-3.6255
0.0606
-1.5426

0.0
0.0
1.0
-5.0094
0.7055
-5.0094
-2.7693
0.7055
-6.5087
-2.7065
0.4465
-6.3612

0.0
0.0
1.0
-2.7065
0.4465
-6.3612
-4.8959
0.4465
-4.8959
-5.0094
0.7055
-5.0094

0.0
0.0
1.0
-4.8959
0.4465
-4.8959
-2.7065
0.4465
-6.3612
-2.3712
0.2205
-5.573

0.0
0.0
1.0
-2.3712
0.2205
-5.573
-4.2893
0.2205
-4.2893
-4.8959
0.4465
-4.8959

0.0
0.0
1.0
-4.2893
0.2205
-4.2893
-2.3712
0.2205
-5.573
-1.5426
0.0606
-3.6255

0.0
0.0
1.0
-1.5426
0.0606
-3.6255
-2.7904
0.0606
-2.7904
-4.2893
0.2205
-4.2893

0.0
0.0
1.0
-2.7904
0.0606
-2.7904
-1.5426
0.0606
-3.6255
0.0
0.0
-0.0

0.0
0.0
1.0
0.0
0.0
-0.0
0.0
0.0
-0.0
-2.7904
0.0606
-2.7904

0.0
0.0
1.0
-2.7693
0.7055
-6.5087
0.0
0.7055
-7.0554
0.0
0.4465
-6.8956

0.0
0.0
1.0
0.0
0.4465
-6.8956
-2.7065
0.4465
-6.3612
-2.7693
0.7055
-6.5087

0.0
0.0
1.0
-2.7065
0.4465
-6.3612
0.0
0.4465
-6.8956
0.0
0.2205
-6.0412

0.0
0.0
1.0
0.0
0.2205
-6.0412
-2.3712
0.2205
-5.573
-2.7065
0.4465
-6.3612

0.0
0.0
1.0
-2.3712
0.2205
-5.573
0.0
0.2205
-6.0412
0.0
0.0606
-3.9301

0.0
0.0
1.0
0.0
0.0606
-3.9301
-1.5426
0.0606
-3.6255
-2.3712
0.2205
-5.573

0.0
0.0
1.0
-1.5426
0.0606
-3.6255
0.0
0.0606
-3.9301
0.0
0.0
-0.0

0.0
0.0
1.0
0.0
0.0
-0.0
0.0
0.0
-0.0
-1.5426
0.0606
-3.6255

0.0
0.0
1.0
0.0
0.7055
-7.0554
2.7693
0.7055
-6.5087
2.7065
0.4465
-6.3612

0.0
0.0
1.0
2.7065
0.4465
-6.3612
0.0
0.4465
-6.8956
0.0
0.7055
-7.0554

0.0
0.0
1.0
0.0
0.4465
-6.8956
2.7065
0.4465
-6.3612
2.3712
0.2205
-5.573

0.0
0.0
1.0
2.3712
0.2205
-5.573
0.0
0.2205
-6.0412
0.0
0.4465
-6.8956

0.0
0.0
1.0
0.0
0.2205
-6.0412
2.3712
0.2205
-5.573
1.5426
0.0606
-3.6255

0.0
0.0
1.0
1.5426
0.0606
-3.6255
0.0
0.0606
-3.9301
0.0
0.2205
-6.0412

0.0
0.0
1.0
0.0
0.0606
-3.9301
1.5426
0.0606
-3.6255
0.0
0.0
-0.0

0.0
0.0
1.0
0.0
0.0
-0.0
0.0
0.0
-0.0
0.0
0.0606
-3.9301

0.0
0.0
1.0
2.7693
0.7055
-6.5087
5.0094
0.7055
-5.0094
4.8959
0.4465
-4.8959

0.0
0.0
1.0
4.8959
0.4465
-4.8959
2.7065
0.4465
-6.3612
2.7693
0.7055
-6.5087

0.0
0.0
1.0
2.7065
0.4465
-6.3612
4.8959
0.4465
-4.8959
4.2893
0.2205
-4.2893

0.0
0.0
1.0
4.2893
0.2205
-4.2893
2.3712
0.2205
-5.573
2.7065
0.4465
-6.3612

0.0
0.0
1.0
2.3712
0.2205
-5.573
4.2893
0.2205
-4.2893
2.7904
0.0606
-2.7904

0.0
0.0
1.0
2.7904
0.0606
-2.7904
1.5426
0.0606
-3.6255
2.3712
0.2205
-5.573

0.0
0.0
1.0
1.5426
0.0606
-3.6255
2.7904
0.0606
-2.7904
0.0
0.0
-0.0

0.0
0.0
1.0
0.0
0.0
-0.0
0.0
0.0
-0.0
1.5426
0.0606
-3.6255

0.0
0.0
1.0
5.0094
0.7055
-5.0094
6.5087
0.7055
-2.7693
6.3612
0.4465
-2.7065

0.0
0.0
1.0
6.3612
0.4465
-2.7065
4.8959
0.4465
-4.8959
5.0094
0.7055
-5.0094

0.0
0.0
1.0
4.8959
0.4465
-4.8959
6.3612
0.4465
-2.7065
5.573
0.2205
-2.3712

0.0
0.0
1.0
5.573
0.2205
-2.3712
4.2893
0.2205
-4.2893
4.8959
0.4465
-4.8959

0.0
0.0
1.0
4.2893
0.2205
-4.2893
5.573
0.2205
-2.3712
3.6255
0.0606
-1.5426

0.0
0.0
1.0
3.6255
0.0606
-1.5426
2.7904
0.0606
-2.7904
4.2893
0.2205
-4.2893

0.0
0.0
1.0
2.7904
0.0606
-2.7904
3.6255
0.0606
-1.5426
0.0
0.0
-0.0

0.0
0.0
1.0
0.0
0.0
-0.0
0.0
0.0
-0.0
2.7904
0.0606
-2.7904

0.0
0.0
1.0
6.5087
0.7055
-2.7693
7.0554
0.7055
-0.0
6.8956
0.4465
-0.0

0.0
0.0
1.0
6.8956
0.4465
-0.0
6.3612
0.4465
-2.7065
6.5087
0.7055
-2.7693

0.0
0.0
1.0
6.3612
0.4465
-2.7065
6.8956
0.4465
-0.0
6.0412
0.2205
-0.0

0.0
0.0
1.0
6.0412
0.2205
-0.0
5.573
0.2205
-2.3712
6.3612
0.4465
-2.7065

0.0
0.0
1.0
5.573
0.2205
-2.3712
6.0412
0.2205
-0.0
3.9301
0.0606
-0.0

0.0
0.0
1.0
3.9301
0.0606
-0.0
3.6255
0.0606
-1.5426
5.573
0.2205
-2.3712

0.0
0.0
1.0
3.6255
0.0606
-1.5426
3.9301
0.0606
-0.0
0.0
0.0
-0.0

0.0
0.0
1.0
0.0
0.0
-0.0
0.0
0.0
-0.0
3.6255
0.0606
-1.5426

0.0
0.0
1.0
-7.5258
9.5249
-0.0
-7.4523
9.6902
0.7937
-9.7887
9.6711
0.7937

0.0
0.0
1.0
-9.7887
9.6711
0.7937
-9.7233
9.5083
-0.0
-7.5258
9.5249
-0.0

0.0
0.0
1.0
-9.7233
9.5083
-0.0
-9.7887
9.6711
0.7937
-11.5037
9.5373
0.7937

0.0
0.0
1.0
-11.5037
9.5373
0.7937
-11.3475
9.3926
-0.0
-9.7233
9.5083
-0.0

0.0
0.0
1.0
-11.3475
9.3926
-0.0
-11.5037
9.5373
0.7937
-12.5599
9.174
0.7937

0.0
0.0
1.0
-12.5599
9.174
0.7937
-12.3544
9.0784
-0.0
-11.3475
9.3926
-0.0

0.0
0.0
1.0
-12.3544
9.0784
-0.0
-12.5599
9.174
0.7937
-12.9203
8.4665
0.7937

0.0
0.0
1.0
-12.9203
8.4665
0.7937
-12.6998
8.4665
-0.0
-12.3544
9.0784
-0.0

0.0
0.0
1.0
-7.4523
9.6902
0.7937
-7.2906
10.054
1.0583
-9.9328
10.0292
1.0583

0.0
0.0
1.0
-9.9328
10.0292
1.0583
-9.7887
9.6711
0.7937
-7.4523
9.6902
0.7937

0.0
0.0
1.0
-9.7887
9.6711
0.7937
-9.9328
10.0292
1.0583
-11.8473
9.8556
1.0583

0.0
0.0
1.0
-11.8473
9.8556
1.0583
-11.5037
9.5373
0.7937
-9.7887
9.6711
0.7937

0.0
0.0
1.0
-11.5037
9.5373
0.7937
-11.8473
9.8556
1.0583
-13.0122
9.3843
1.0583

0.0
0.0
1.0
-13.0122
9.3843
1.0583
-12.5599
9.174
0.7937
-11.5037
9.5373
0.7937

0.0
0.0
1.0
-12.5599
9.174
0.7937
-13.0122
9.3843
1.0583
-13.4054
8.4665
1.0583

0.0
0.0
1.0
-13.4054
8.4665
1.0583
-12.9203
8.4665
0.7937
-12.5599
9.174
0.7937

0.0
0.0
1.0
-7.2906
10.054
1.0583
-7.1289
10.4178
0.7937
-10.0768
10.3873
0.7937

0.0
0.0
1.0
-10.0768
10.3873
0.7937
-9.9328
10.0292
1.0583
-7.2906
10.054
1.0583

0.0
0.0
1.0
-9.9328
10.0292
1.0583
-10.0768
10.3873
0.7937
-12.1909
10.1739
0.7937

0.0
0.0
1.0
-12.1909
10.1739
0.7937
-11.8473
9.8556
1.0583
-9.9328
10.0292
1.0583

0.0
0.0
1.0
-11.8473
9.8556
1.0583
-12.1909
10.1739
0.7937
-13.4644
9.5946
0.7937

0.0
0.0
1.0
-13.4644
9.5946
0.7937
-13.0122
9.3843
1.0583
-11.8473
9.8556
1.0583

0.0
0.0
1.0
-13.0122
9.3843
1.0583
-13.4644
9.5946
0.7937
-13.8904
8.4665
0.7937

0.0
0.0
1.0
-13.8904
8.4665
0.7937
-13.4054
8.4665
1.0583
-13.0122
9.3843
1.0583

0.0
0.0
1.0
-7.1289
10.4178
0.7937
-7.0554
10.5832
-0.0
-10.1422
10.5501
-0.0

0.0
0.0
1.0
-10.1422
10.5501
-0.0
-10.0768
10.3873
0.7937
-7.1289
10.4178
0.7937

0.0
0.0
1.0
-10.0768
10.3873
0.7937
-10.1422
10.5501
-0.0
-12.347
10.3186
-0.0

0.0
0.0
1.0
-12.347
10.3186
-0.0
-12.1909
10.1739
0.7937
-10.0768
10.3873
0.7937

0.0
0.0
1.0
-12.1909
10.1739
0.7937
-12.347
10.3186
-0.0
-13.6699
9.6902
-0.0

0.0
0.0
1.0
-13.6699
9.6902
-0.0
-13.4644
9.5946
0.7937
-12.1909
10.1739
0.7937

0.0
0.0
1.0
-13.4644
9.5946
0.7937
-13.6699
9.6902
-0.0
-14.1109
8.4665
-0.0

0.0
0.0
1.0
-14.1109
8.4665
-0.0
-13.8904
8.4665
0.7937
-13.4644
9.5946
0.7937

0.0
0.0
1.0
-7.0554
10.5832
-0.0
-7.1289
10.4178
-0.7937
-10.0768
10.3873
-0.7937

0.0
0.0
1.0
-10.0768
10.3873
-0.7937
-10.1422
10.5501
-0.0
-7.0554
10.5832
-0.0

0.0
0.0
1.0
-10.1422
10.5501
-0.0
-10.0768
10.3873
-0.7937
-12.1909
10.1739
-0.7937

0.0
0.0
1.0
-12.1909
10.1739
-0.7937
-12.347
10.3186
-0.0
-10.1422
10.5501
-0.0

0.0
0.0
1.0
-12.347
10.3186
-0.0
-12.1909
10.1739
-0.7937
-13.4644
9.5946
-0.7937

0.0
0.0
1.0
-13.4644
9.5946
-0.7937
-13.6699
9.6902
-0.0
-12.347
10.3186
-0.0

0.0
0.0
1.0
-13.6699
9.6902
-0.0
-13.4644
9.5946
-0.7937
-13.8904
8.4665
-0.7937

0.0
0.0
1.0
-13.8904
8.4665
-0.7937
-14.1109
8.4665
-0.0
-13.6699
9.6902
-0.0

0.0
0.0
1.0
-7.1289
10.4178
-0.7937
-7.2906
10.054
-1.0583
-9.9328
10.0292
-1.0583

0.0
0.0
1.0
-9.9328
10.0292
-1.0583
-10.0768
10.3873
-0.7937
-7.1289
10.4178
-0.7937

0.0
0.0
1.0
-10.0768
10.3873
-0.7937
-9.9328
10.0292
-1.0583
-11.8473
9.8556
-1.0583

0.0
0.0
1.0
-11.8473
9.8556
-1.0583
-12.1909
10.1739
-0.7937
-10.0768
10.3873
-0.7937

0.0
0.0
1.0
-12.1909
10.1739
-0.7937
-11.8473
9.8556
-1.0583
-13.0122
9.3843
-1.0583

0.0
0.0
1.0
-13.0122
9.3843
-1.0583
-13.4644
9.5946
-0.7937
-12.1909
10.1739
-0.7937

0.0
0.0
1.0
-13.4644
9.5946
-0.7937
-13.0122
9.3843
-1.0583
-13.4054
8.4665
-1.0583

0.0
0.0
1.0
-13.4054
8.4665
-1.0583
-13.8904
8.4665
-0.7937
-13.4644
9.5946
-0.7937

0.0
0.0
1.0
-7.2906
10.054
-1.0583
-7.4523
9.6902
-0.7937
-9.7887
9.6711
-0.7937

0.0
0.0
1.0
-9.7887
9.6711
-0.7937
-9.9328
10.0292
-1.0583
-7.2906
10.054
-1.0583

0.0
0.0
1.0
-9.9328
10.0292
-1.0583
-9.7887
9.6711
-0.7937
-11.5037
9.5373
-0.7937

0.0
0.0
1.0
-11.5037
9.5373
-0.7937
-11.8473
9.8556
-1.0583
-9.9328
10.0292
-1.0583

0.0
0.0
1.0
-11.8473
9.8556
-1.0583
-11.5037
9.5373
-0.7937
-12.5599
9.174
-0.7937

0.0
0.0
1.0
-12.5599
9.174
-0.7937
-13.0122
9.3843
-1.0583
-11.8473
9.8556
-1.0583

0.0
0.0
1.0
-13.0122
9.3843
-1.0583
-12.5599
9.174
-0.7937
-12.9203
8.4665
-0.7937

0.0
0.0
1.0
-12.9203
8.4665
-0.7937
-13.4054
8.4665
-1.0583
-13.0122
9.3843
-1.0583

0.0
0.0
1.0
-7.4523
9.6902
-0.7937
-7.5258
9.5249
-0.0
-9.7233
9.5083
-0.0

0.0
0.0
1.0
-9.7233
9.5083
-0.0
-9.7887
9.6711
-0.7937
-7.4523
9.6902
-0.7937

0.0
0.0
1.0
-9.7887
9.6711
-0.7937
-9.7233
9.5083
-0.0
-11.3475
9.3926
-0.0

0.0
0.0
1.0
-11.3475
9.3926
-0.0
-11.5037
9.5373
-0.7937
-9.7887
9.6711
-0.7937

0.0
0.0
1.0
-11.5037
9.5373
-0.7937
-11.3475
9.3926
-0.0
-12.3544
9.0784
-0.0

0.0
0.0
1.0
-12.3544
9.0784
-0.0
-12.5599
9.174
-0.7937
-11.5037
9.5373
-0.7937

0.0
0.0
1.0
-12.5599
9.174
-0.7937
-12.3544
9.0784
-0.0
-12.6998
8.4665
-0.0

0.0
0.0
1.0
-12.6998
8.4665
-0.0
-12.9203
8.4665
-0.7937
-12.5599
9.174
-0.7937

0.0
0.0
1.0
-12.6998
8.4665
-0.0
-12.9203
8.4665
0.7937
-12.7165
7.4149
0.7937

0.0
0.0
1.0
-12.7165
7.4149
0.7937
-12.5161
7.5074
-0.0
-12.6998
8.4665
-0.0

0.0
0.0
1.0
-12.5161
7.5074
-0.0
-12.7165
7.4149
0.7937
-12.0779
6.2087
0.7937

0.0
0.0
1.0
-12.0779
6.2087
0.7937
-11.9355
6.3499
-0.0
-12.5161
7.5074
-0.0

0.0
0.0
1.0
-11.9355
6.3499
-0.0
-12.0779
6.2087
0.7937
-10.9639
5.018
0.7937

0.0
0.0
1.0
-10.9639
5.018
0.7937
-10.9139
5.1924
-0.0
-11.9355
6.3499
-0.0

0.0
0.0
1.0
-10.9139
5.1924
-0.0
-10.9639
5.018
0.7937
-9.3338
4.0128
0.7937

0.0
0.0
1.0
-9.3338
4.0128
0.7937
-9.4073
4.2333
-0.0
-10.9139
5.1924
-0.0

0.0
0.0
1.0
-12.9203
8.4665
0.7937
-13.4054
8.4665
1.0583
-13.1573
7.2112
1.0583

0.0
0.0
1.0
-13.1573
7.2112
1.0583
-12.7165
7.4149
0.7937
-12.9203
8.4665
0.7937

0.0
0.0
1.0
-12.7165
7.4149
0.7937
-13.1573
7.2112
1.0583
-12.3911
5.8979
1.0583

0.0
0.0
1.0
-12.3911
5.8979
1.0583
-12.0779
6.2087
0.7937
-12.7165
7.4149
0.7937

0.0
0.0
1.0
-12.0779
6.2087
0.7937
-12.3911
5.8979
1.0583
-11.0737
4.6343
1.0583

0.0
0.0
1.0
-11.0737
4.6343
1.0583
-10.9639
5.018
0.7937
-12.0779
6.2087
0.7937

0.0
0.0
1.0
-10.9639
5.018
0.7937
-11.0737
4.6343
1.0583
-9.1721
3.5277
1.0583

0.0
0.0
1.0
-9.1721
3.5277
1.0583
-9.3338
4.0128
0.7937
-10.9639
5.018
0.7937

0.0
0.0
1.0
-13.4054
8.4665
1.0583
-13.8904
8.4665
0.7937
-13.5982
7.0075
0.7937

0.0
0.0
1.0
-13.5982
7.0075
0.7937
-13.1573
7.2112
1.0583
-13.4054
8.4665
1.0583

0.0
0.0
1.0
-13.1573
7.2112
1.0583
-13.5982
7.0075
0.7937
-12.7044
5.5872
0.7937

0.0
0.0
1.0
-12.7044
5.5872
0.7937
-12.3911
5.8979
1.0583
-13.1573
7.2112
1.0583

0.0
0.0
1.0
-12.3911
5.8979
1.0583
-12.7044
5.5872
0.7937
-11.1836
4.2506
0.7937

0.0
0.0
1.0
-11.1836
4.2506
0.7937
-11.0737
4.6343
1.0583
-12.3911
5.8979
1.0583

0.0
0.0
1.0
-11.0737
4.6343
1.0583
-11.1836
4.2506
0.7937
-9.0104
3.0427
0.7937

0.0
0.0
1.0
-9.0104
3.0427
0.7937
-9.1721
3.5277
1.0583
-11.0737
4.6343
1.0583

0.0
0.0
1.0
-13.8904
8.4665
0.7937
-14.1109
8.4665
-0.0
-13.7985
6.9149
-0.0

0.0
0.0
1.0
-13.7985
6.9149
-0.0
-13.5982
7.0075
0.7937
-13.8904
8.4665
0.7937

0.0
0.0
1.0
-13.5982
7.0075
0.7937
-13.7985
6.9149
-0.0
-12.8468
5.4459
-0.0

0.0
0.0
1.0
-12.8468
5.4459
-0.0
-12.7044
5.5872
0.7937
-13.5982
7.0075
0.7937

0.0
0.0
1.0
-12.7044
5.5872
0.7937
-12.8468
5.4459
-0.0
-11.2336
4.0762
-0.0

0.0
0.0
1.0
-11.2336
4.0762
-0.0
-11.1836
4.2506
0.7937
-12.7044
5.5872
0.7937

0.0
0.0
1.0
-11.1836
4.2506
0.7937
-11.2336
4.0762
-0.0
-8.9369
2.8222
-0.0

0.0
0.0
1.0
-8.9369
2.8222
-0.0
-9.0104
3.0427
0.7937
-11.1836
4.2506
0.7937

0.0
0.0
1.0
-14.1109
8.4665
-0.0
-13.8904
8.4665
-0.7937
-13.5982
7.0075
-0.7937

0.0
0.0
1.0
-13.5982
7.0075
-0.7937
-13.7985
6.9149
-0.0
-14.1109
8.4665
-0.0

0.0
0.0
1.0
-13.7985
6.9149
-0.0
-13.5982
7.0075
-0.7937
-12.7044
5.5872
-0.7937

0.0
0.0
1.0
-12.7044
5.5872
-0.7937
-12.8468
5.4459
-0.0
-13.7985
6.9149
-0.0

0.0
0.0
1.0
-12.8468
5.4459
-0.0
-12.7044
5.5872
-0.7937
-11.1836
4.2506
-0.7937

0.0
0.0
1.0
-11.1836
4.2506
-0.7937
-11.2336
4.0762
-0.0
-12.8468
5.4459
-0.0

0.0
0.0
1.0
-11.2336
4.0762
-0.0
-11.1836
4.2506
-0.7937
-9.0104
3.0427
-0.7937

0.0
0.0
1.0
-9.0104
3.0427
-0.7937
-8.9369
2.8222
-0.0
-11.2336
4.0762
-0.0

0.0
0.0
1.0
-13.8904
8.4665
-0.7937
-13.4054
8.4665
-1.0583
-13.1573
7.2112
-1.0583

0.0
0.0
1.0
-13.1573
7.2112
-1.0583
-13.5982
7.0075
-0.7937
-13.8904
8.4665
-0.7937

0.0
0.0
1.0
-13.5982
7.0075
-0.7937
-13.1573
7.2112
-1.0583
-12.3911
5.8979
-1.0583

0.0
0.0
1.0
-12.3911
5.8979
-1.0583
-12.7044
5.5872
-0.7937
-13.5982
7.0075
-0.7937

0.0
0.0
1.0
-12.7044
5.5872
-0.7937
-12.3911
5.8979
-1.0583
-11.0737
4.6343
-1.0583

0.0
0.0
1.0
-11.0737
4.6343
-1.0583
-11.1836
4.2506
-0.7937
-12.7044
5.5872
-0.7937

0.0
0.0
1.0
-11.1836
4.2506
-0.7937
-11.0737
4.6343
-1.0583
-9.1721
3.5277
-1.0583

0.0
0.0
1.0
-9.1721
3.5277
-1.0583
-9.0104
3.0427
-0.7937
-11.1836
4.2506
-0.7937

0.0
0.0
1.0
-13.4054
8.4665
-1.0583
-12.9203
8.4665
-0.7937
-12.7165
7.4149
-0.7937

0.0
0.0
1.0
-12.7165
7.4149
-0.7937
-13.1573
7.2112
-1.0583
-13.4054
8.4665
-1.0583

0.0
0.0
1.0
-13.1573
7.2112
-1.0583
-12.7165
7.4149
-0.7937
-12.0779
6.2087
-0.7937

0.0
0.0
1.0
-12.0779
6.2087
-0.7937
-12.3911
5.8979
-1.0583
-13.1573
7.2112
-1.0583

0.0
0.0
1.0
-12.3911
5.8979
-1.0583
-12.0779
6.2087
-0.7937
-10.9639
5.018
-0.7937

0.0
0.0
1.0
-10.9639
5.018
-0.7937
-11.0737
4.6343
-1.0583
-12.3911
5.8979
-1.0583

0.0
0.0
1.0
-11.0737
4.6343
-1.0583
-10.9639
5.018
-0.7937
-9.3338
4.0128
-0.7937

0.0
0.0
1.0
-9.3338
4.0128
-0.7937
-9.1721
3.5277
-1.0583
-11.0737
4.6343
-1.0583

0.0
0.0
1.0
-12.9203
8.4665
-0.7937
-12.6998
8.4665
-0.0
-12.5161
7.5074
-0.0

0.0
0.0
1.0
-12.5161
7.5074
-0.0
-12.7165
7.4149
-0.7937
-12.9203
8.4665
-0.7937

0.0
0.0
1.0
-12.7165
7.4149
-0.7937
-12.5161
7.5074
-0.0
-11.9355
6.3499
-0.0

0.0
0.0
1.0
-11.9355
6.3499
-0.0
-12.0779
6.2087
-0.7937
-12.7165
7.4149
-0.7937

0.0
0.0
1.0
-12.0779
6.2087
-0.7937
-11.9355
6.3499
-0.0
-10.9139
5.1924
-0.0

0.0
0.0
1.0
-10.9139
5.1924
-0.0
-10.9639
5.018
-0.7937
-12.0779
6.2087
-0.7937

0.0
0.0
1.0
-10.9639
5.018
-0.7937
-10.9139
5.1924
-0.0
-9.4073
4.2333
-0.0

0.0
0.0
1.0
-9.4073
4.2333
-0.0
-9.3338
4.0128
-0.7937
-10.9639
5.018
-0.7937

0.0
0.0
1.0
7.9962
6.7027
-0.0
7.9962
6.0963
1.7462
10.4247
6.7712
1.5767

0.0
0.0
1.0
10.4247
6.7712
1.5767
10.2524
7.2208
-0.0
7.9962
6.7027
-0.0

0.0
0.0
1.0
10.2524
7.2208
-0.0
10.4247
6.7712
1.5767
11.4504
8.2047
1.2038

0.0
0.0
1.0
11.4504
8.2047
1.2038
11.2299
8.4665
-0.0
10.2524
7.2208
-0.0

0.0
0.0
1.0
11.2299
8.4665
-0.0
11.4504
8.2047
1.2038
12.0351
9.8821
0.8309

0.0
0.0
1.0
12.0351
9.8821
0.8309
11.7664
9.9768
-0.0
11.2299
8.4665
-0.0

0.0
0.0
1.0
11.7664
9.9768
-0.0
12.0351
9.8821
0.8309
13.1408
11.2887
0.6614

0.0
0.0
1.0
13.1408
11.2887
0.6614
12.6998
11.2887
-0.0
11.7664
9.9768
-0.0

0.0
0.0
1.0
7.9962
6.0963
1.7462
7.9962
4.7624
2.3283
10.8037
5.7822
2.1023

0.0
0.0
1.0
10.8037
5.7822
2.1023
10.4247
6.7712
1.5767
7.9962
6.0963
1.7462

0.0
0.0
1.0
10.4247
6.7712
1.5767
10.8037
5.7822
2.1023
11.9355
7.6287
1.6051

0.0
0.0
1.0
11.9355
7.6287
1.6051
11.4504
8.2047
1.2038
10.4247
6.7712
1.5767

0.0
0.0
1.0
11.4504
8.2047
1.2038
11.9355
7.6287
1.6051
12.6263
9.6737
1.1079

0.0
0.0
1.0
12.6263
9.6737
1.1079
12.0351
9.8821
0.8309
11.4504
8.2047
1.2038

0.0
0.0
1.0
12.0351
9.8821
0.8309
12.6263
9.6737
1.1079
14.1109
11.2887
0.8819

0.0
0.0
1.0
14.1109
11.2887
0.8819
13.1408
11.2887
0.6614
12.0351
9.8821
0.8309

0.0
0.0
1.0
7.9962
4.7624
2.3283
7.9962
3.4285
1.7462
11.1826
4.7931
1.5767

0.0
0.0
1.0
11.1826
4.7931
1.5767
10.8037
5.7822
2.1023
7.9962
4.7624
2.3283

0.0
0.0
1.0
10.8037
5.7822
2.1023
11.1826
4.7931
1.5767
12.4205
7.0527
1.2038

0.0
0.0
1.0
12.4205
7.0527
1.2038
11.9355
7.6287
1.6051
10.8037
5.7822
2.1023

0.0
0.0
1.0
11.9355
7.6287
1.6051
12.4205
7.0527
1.2038
13.2175
9.4653
0.8309

0.0
0.0
1.0
13.2175
9.4653
0.8309
12.6263
9.6737
1.1079
11.9355
7.6287
1.6051

0.0
0.0
1.0
12.6263
9.6737
1.1079
13.2175
9.4653
0.8309
15.081
11.2887
0.6614

0.0
0.0
1.0
15.081
11.2887
0.6614
14.1109
11.2887
0.8819
12.6263
9.6737
1.1079

0.0
0.0
1.0
7.9962
3.4285
1.7462
7.9962
2.8222
-0.0
11.3549
4.3435
-0.0

0.0
0.0
1.0
11.3549
4.3435
-0.0
11.1826
4.7931
1.5767
7.9962
3.4285
1.7462

0.0
0.0
1.0
11.1826
4.7931
1.5767
11.3549
4.3435
-0.0
12.641
6.7909
-0.0

0.0
0.0
1.0
12.641
6.7909
-0.0
12.4205
7.0527
1.2038
11.1826
4.7931
1.5767

0.0
0.0
1.0
12.4205
7.0527
1.2038
12.641
6.7909
-0.0
13.4862
9.3705
-0.0

0.0
0.0
1.0
13.4862
9.3705
-0.0
13.2175
9.4653
0.8309
12.4205
7.0527
1.2038

0.0
0.0
1.0
13.2175
9.4653
0.8309
13.4862
9.3705
-0.0
15.522
11.2887
-0.0

0.0
0.0
1.0
15.522
11.2887
-0.0
15.081
11.2887
0.6614
13.2175
9.4653
0.8309

0.0
0.0
1.0
7.9962
2.8222
-0.0
7.9962
3.4285
-1.7462
11.1826
4.7931
-1.5767

0.0
0.0
1.0
11.1826
4.7931
-1.5767
11.3549
4.3435
-0.0
7.9962
2.8222
-0.0

0.0
0.0
1.0
11.3549
4.3435
-0.0
11.1826
4.7931
-1.5767
12.4205
7.0527
-1.2038

0.0
0.0
1.0
12.4205
7.0527
-1.2038
12.641
6.7909
-0.0
11.3549
4.3435
-0.0

0.0
0.0
1.0
12.641
6.7909
-0.0
12.4205
7.0527
-1.2038
13.2175
9.4653
-0.8309

0.0
0.0
1.0
13.2175
9.4653
-0.8309
13.4862
9.3705
-0.0
12.641
6.7909
-0.0

0.0
0.0
1.0
13.4862
9.3705
-0.0
13.2175
9.4653
-0.8309
15.081
11.2887
-0.6614

0.0
0.0
1.0
15.081
11.2887
-0.6614
15.522
11.2887
-0.0
13.4862
9.3705
-0.0

0.0
0.0
1.0
7.9962
3.4285
-1.7462
7.9962
4.7624
-2.3283
10.8037
5.7822
-2.1023

0.0
0.0
1.0
10.8037
5.7822
-2.1023
11.1826
4.7931
-1.5767
7.9962
3.4285
-1.7462

0.0
0.0
1.0
11.1826
4.7931
-1.5767
10.8037
5.7822
-2.1023
11.9355
7.6287
-1.6051

0.0
0.0
1.0
11.9355
7.6287
-1.6051
12.4205
7.0527
-1.2038
11.1826
4.7931
-1.5767

0.0
0.0
1.0
12.4205
7.0527
-1.2038
11.9355
7.6287
-1.6051
12.6263
9.6737
-1.1079

0.0
0.0
1.0
12.6263
9.6737
-1.1079
13.2175
9.4653
-0.8309
12.4205
7.0527
-1.2038

0.0
0.0
1.0
13.2175
9.4653
-0.8309
12.6263
9.6737
-1.1079
14.1109
11.2887
-0.8819

0.0
0.0
1.0
14.1109
11.2887
-0.8819
15.081
11.2887
-0.6614
13.2175
9.4653
-0.8309

0.0
0.0
1.0
7.9962
4.7624
-2.3283
7.9962
6.0963
-1.7462
10.4247
6.7712
-1.5767

0.0
0.0
1.0
10.4247
6.7712
-1.5767
10.8037
5.7822
-2.1023
7.9962
4.7624
-2.3283

0.0
0.0
1.0
10.8037
5.7822
-2.1023
10.4247
6.7712
-1.5767
11.4504
8.2047
-1.2038

0.0
0.0
1.0
11.4504
8.2047
-1.2038
11.9355
7.6287
-1.6051
10.8037
5.7822
-2.1023

0.0
0.0
1.0
11.9355
7.6287
-1.6051
11.4504
8.2047
-1.2038
12.0351
9.8821
-0.8309

0.0
0.0
1.0
12.0351
9.8821
-0.8309
12.6263
9.6737
-1.1079
11.9355
7.6287
-1.6051

0.0
0.0
1.0
12.6263
9.6737
-1.1079
12.0351
9.8821
-0.8309
13.1408
11.2887
-0.6614

0.0
0.0
1.0
13.1408
11.2887
-0.6614
14.1109
11.2887
-0.8819
12.6263
9.6737
-1.1079

0.0
0.0
1.0
7.9962
6.0963
-1.7462
7.9962
6.7027
-0.0
10.2524
7.2208
-0.0

0.0
0.0
1.0
10.2524
7.2208
-0.0
10.4247
6.7712
-1.5767
7.9962
6.0963
-1.7462

0.0
0.0
1.0
10.4247
6.7712
-1.5767
10.2524
7.2208
-0.0
11.2299
8.4665
-0.0

0.0
0.0
1.0
11.2299
8.4665
-0.0
11.4504
8.2047
-1.2038
10.4247
6.7712
-1.5767

0.0
0.0
1.0
11.4504
8.2047
-1.2038
11.2299
8.4665
-0.0
11.7664
9.9768
-0.0

0.0
0.0
1.0
11.7664
9.9768
-0.0
12.0351
9.8821
-0.8309
11.4504
8.2047
-1.2038

0.0
0.0
1.0
12.0351
9.8821
-0.8309
11.7664
9.9768
-0.0
12.6998
11.2887
-0.0

0.0
0.0
1.0
12.6998
11.2887
-0.0
13.1408
11.2887
-0.6614
12.0351
9.8821
-0.8309

0.0
0.0
1.0
12.6998
11.2887
-0.0
13.1408
11.2887
0.6614
13.5101
11.4968
0.6201

0.0
0.0
1.0
13.5101
11.4968
0.6201
13.0379
11.4872
-0.0
12.6998
11.2887
-0.0

0.0
0.0
1.0
13.0379
11.4872
-0.0
13.5101
11.4968
0.6201
13.731
11.5688
0.5292

0.0
0.0
1.0
13.731
11.5688
0.5292
13.2878
11.5533
-0.0
13.0379
11.4872
-0.0

0.0
0.0
1.0
13.2878
11.5533
-0.0
13.731
11.5688
0.5292
13.7376
11.5007
0.4382

0.0
0.0
1.0
13.7376
11.5007
0.4382
13.3613
11.4872
-0.0
13.2878
11.5533
-0.0

0.0
0.0
1.0
13.3613
11.4872
-0.0
13.7376
11.5007
0.4382
13.4642
11.2887
0.3969

0.0
0.0
1.0
13.4642
11.2887
0.3969
13.1702
11.2887
-0.0
13.3613
11.4872
-0.0

0.0
0.0
1.0
13.1408
11.2887
0.6614
14.1109
11.2887
0.8819
14.5491
11.5182
0.8268

0.0
0.0
1.0
14.5491
11.5182
0.8268
13.5101
11.4968
0.6201
13.1408
11.2887
0.6614

0.0
0.0
1.0
13.5101
11.4968
0.6201
14.5491
11.5182
0.8268
14.7062
11.6029
0.7055

0.0
0.0
1.0
14.7062
11.6029
0.7055
13.731
11.5688
0.5292
13.5101
11.4968
0.6201

0.0
0.0
1.0
13.731
11.5688
0.5292
14.7062
11.6029
0.7055
14.5656
11.5306
0.5843

0.0
0.0
1.0
14.5656
11.5306
0.5843
13.7376
11.5007
0.4382
13.731
11.5688
0.5292

0.0
0.0
1.0
13.7376
11.5007
0.4382
14.5656
11.5306
0.5843
14.1109
11.2887
0.5292

0.0
0.0
1.0
14.1109
11.2887
0.5292
13.4642
11.2887
0.3969
13.7376
11.5007
0.4382

0.0
0.0
1.0
14.1109
11.2887
0.8819
15.081
11.2887
0.6614
15.5881
11.5395
0.6201

0.0
0.0
1.0
15.5881
11.5395
0.6201
14.5491
11.5182
0.8268
14.1109
11.2887
0.8819

0.0
0.0
1.0
14.5491
11.5182
0.8268
15.5881
11.5395
0.6201
15.6814
11.637
0.5292

0.0
0.0
1.0
15.6814
11.637
0.5292
14.7062
11.6029
0.7055
14.5491
11.5182
0.8268

0.0
0.0
1.0
14.7062
11.6029
0.7055
15.6814
11.637
0.5292
15.3937
11.5604
0.4382

0.0
0.0
1.0
15.3937
11.5604
0.4382
14.5656
11.5306
0.5843
14.7062
11.6029
0.7055

0.0
0.0
1.0
14.5656
11.5306
0.5843
15.3937
11.5604
0.4382
14.7576
11.2887
0.3969

0.0
0.0
1.0
14.7576
11.2887
0.3969
14.1109
11.2887
0.5292
14.5656
11.5306
0.5843

0.0
0.0
1.0
15.081
11.2887
0.6614
15.522
11.2887
-0.0
16.0603
11.5492
-0.0

0.0
0.0
1.0
16.0603
11.5492
-0.0
15.5881
11.5395
0.6201
15.081
11.2887
0.6614

0.0
0.0
1.0
15.5881
11.5395
0.6201
16.0603
11.5492
-0.0
16.1246
11.6525
-0.0

0.0
0.0
1.0
16.1246
11.6525
-0.0
15.6814
11.637
0.5292
15.5881
11.5395
0.6201

0.0
0.0
1.0
15.6814
11.637
0.5292
16.1246
11.6525
-0.0
15.77
11.574
-0.0

0.0
0.0
1.0
15.77
11.574
-0.0
15.3937
11.5604
0.4382
15.6814
11.637
0.5292

0.0
0.0
1.0
15.3937
11.5604
0.4382
15.77
11.574
-0.0
15.0516
11.2887
-0.0

0.0
0.0
1.0
15.0516
11.2887
-0.0
14.7576
11.2887
0.3969
15.3937
11.5604
0.4382

0.0
0.0
1.0
15.522
11.2887
-0.0
15.081
11.2887
-0.6614
15.5881
11.5395
-0.6201

0.0
0.0
1.0
15.5881
11.5395
-0.6201
16.0603
11.5492
-0.0
15.522
11.2887
-0.0

0.0
0.0
1.0
16.0603
11.5492
-0.0
15.5881
11.5395
-0.6201
15.6814
11.637
-0.5292

0.0
0.0
1.0
15.6814
11.637
-0.5292
16.1246
11.6525
-0.0
16.0603
11.5492
-0.0

0.0
0.0
1.0
16.1246
11.6525
-0.0
15.6814
11.637
-0.5292
15.3937
11.5604
-0.4382

0.0
0.0
1.0
15.3937
11.5604
-0.4382
15.77
11.574
-0.0
16.1246
11.6525
-0.0

0.0
0.0
1.0
15.77
11.574
-0.0
15.3937
11.5604
-0.4382
14.7576
11.2887
-0.3969

0.0
0.0
1.0
14.7576
11.2887
-0.3969
15.0516
11.2887
-0.0
15.77
11.574
-0.0

0.0
0.0
1.0
15.081
11.2887
-0.6614
14.1109
11.2887
-0.8819
14.5491
11.5182
-0.8268

0.0
0.0
1.0
14.5491
11.5182
-0.8268
15.5881
11.5395
-0.6201
15.081
11.2887
-0.6614

0.0
0.0
1.0
15.5881
11.5395
-0.6201
14.5491
11.5182
-0.8268
14.7062
11.6029
-0.7055

0.0
0.0
1.0
14.7062
11.6029
-0.7055
15.6814
11.637
-0.5292
15.5881
11.5395
-0.6201

0.0
0.0
1.0
15.6814
11.637
-0.5292
14.7062
11.6029
-0.7055
14.5656
11.5306
-0.5843

0.0
0.0
1.0
14.5656
11.5306
-0.5843
15.3937
11.5604
-0.4382
15.6814
11.637
-0.5292

0.0
0.0
1.0
15.3937
11.5604
-0.4382
14.5656
11.5306
-0.5843
14.1109
11.2887
-0.5292

0.0
0.0
1.0
14.1109
11.2887
-0.5292
14.7576
11.2887
-0.3969
15.3937
11.5604
-0.4382

0.0
0.0
1.0
14.1109
11.2887
-0.8819
13.1408
11.2887
-0.6614
13.5101
11.4968
-0.6201

0.0
0.0
1.0
13.5101
11.4968
-0.6201
14.5491
11.5182
-0.8268
14.1109
11.2887
-0.8819

0.0
0.0
1.0
14.5491
11.5182
-0.8268
13.5101
11.4968
-0.6201
13.731
11.5688
-0.5292

0.0
0.0
1.0
13.731
11.5688
-0.5292
14.7062
11.6029
-0.7055
14.5491
11.5182
-0.8268

0.0
0.0
1.0
14.7062
11.6029
-0.7055
13.731
11.5688
-0.5292
13.7376
11.5007
-0.4382

0.0
0.0
1.0
13.7376
11.5007
-0.4382
14.5656
11.5306
-0.5843
14.7062
11.6029
-0.7055

0.0
0.0
1.0
14.5656
11.5306
-0.5843
13.7376
11.5007
-0.4382
13.4642
11.2887
-0.3969

0.0
0.0
1.0
13.4642
11.2887
-0.3969
14.1109
11.2887
-0.5292
14.5656
11.5306
-0.5843

0.0
0.0
1.0
13.1408
11.2887
-0.6614
12.6998
11.2887
-0.0
13.0379
11.4872
-0.0

0.0
0.0
1.0
13.0379
11.4872
-0.0
13.5101
11.4968
-0.6201
13.1408
11.2887
-0.6614

0.0
0.0
1.0
13.5101
11.4968
-0.6201
13.0379
11.4872
-0.0
13.2878
11.5533
-0.0

0.0
0.0
1.0
13.2878
11.5533
-0.0
13.731
11.5688
-0.5292
13.5101
11.4968
-0.6201

0.0
0.0
1.0
13.731
11.5688
-0.5292
13.2878
11.5533
-0.0
13.3613
11.4872
-0.0

0.0
0.0
1.0
13.3613
11.4872
-0.0
13.7376
11.5007
-0.4382
13.731
11.5688
-0.5292

0.0
0.0
1.0
13.7376
11.5007
-0.4382
13.3613
11.4872
-0.0
13.1702
11.2887
-0.0

0.0
0.0
1.0
13.1702
11.2887
-0.0
13.4642
11.2887
-0.3969
13.7376
11.5007
-0.4382

0.0
0.0
1.0
0.0
14.8164
-0.0
0.0
14.8164
-0.0
1.4786
14.5849
0.6305

0.0
0.0
1.0
1.4786
14.5849
0.6305
1.6022
14.5849
-0.0
0.0
14.8164
-0.0

0.0
0.0
1.0
1.6022
14.5849
-0.0
1.4786
14.5849
0.6305
1.4107
14.0227
0.6015

0.0
0.0
1.0
1.4107
14.0227
0.6015
1.5287
14.0227
-0.0
1.6022
14.5849
-0.0

0.0
0.0
1.0
1.5287
14.0227
-0.0
1.4107
14.0227
0.6015
0.8544
13.3282
0.364

0.0
0.0
1.0
0.8544
13.3282
0.364
0.926
13.3282
-0.0
1.5287
14.0227
-0.0

0.0
0.0
1.0
0.926
13.3282
-0.0
0.8544
13.3282
0.364
0.8678
12.6998
0.3692

0.0
0.0
1.0
0.8678
12.6998
0.3692
0.9407
12.6998
-0.0
0.926
13.3282
-0.0

0.0
0.0
1.0
0.0
14.8164
-0.0
0.0
14.8164
-0.0
1.139
14.5849
1.139

0.0
0.0
1.0
1.139
14.5849
1.139
1.4786
14.5849
0.6305
0.0
14.8164
-0.0

0.0
0.0
1.0
1.4786
14.5849
0.6305
1.139
14.5849
1.139
1.0867
14.0227
1.0867

0.0
0.0
1.0
1.0867
14.0227
1.0867
1.4107
14.0227
0.6015
1.4786
14.5849
0.6305

0.0
0.0
1.0
1.4107
14.0227
0.6015
1.0867
14.0227
1.0867
0.658
13.3282
0.658

0.0
0.0
1.0
0.658
13.3282
0.658
0.8544
13.3282
0.364
1.4107
14.0227
0.6015

0.0
0.0
1.0
0.8544
13.3282
0.364
0.658
13.3282
0.658
0.6679
12.6998
0.6679

0.0
0.0
1.0
0.6679
12.6998
0.6679
0.8678
12.6998
0.3692
0.8544
13.3282
0.364

0.0
0.0
1.0
0.0
14.8164
-0.0
0.0
14.8164
-0.0
0.6305
14.5849
1.4786

0.0
0.0
1.0
0.6305
14.5849
1.4786
1.139
14.5849
1.139
0.0
14.8164
-0.0

0.0
0.0
1.0
1.139
14.5849
1.139
0.6305
14.5849
1.4786
0.6015
14.0227
1.4107

0.0
0.0
1.0
0.6015
14.0227
1.4107
1.0867
14.0227
1.0867
1.139
14.5849
1.139

0.0
0.0
1.0
1.0867
14.0227
1.0867
0.6015
14.0227
1.4107
0.364
13.3282
0.8544

0.0
0.0
1.0
0.364
13.3282
0.8544
0.658
13.3282
0.658
1.0867
14.0227
1.0867

0.0
0.0
1.0
0.658
13.3282
0.658
0.364
13.3282
0.8544
0.3692
12.6998
0.8678

0.0
0.0
1.0
0.3692
12.6998
0.8678
0.6679
12.6998
0.6679
0.658
13.3282
0.658

0.0
0.0
1.0
0.0
14.8164
-0.0
0.0
14.8164
-0.0
0.0
14.5849
1.6022

0.0
0.0
1.0
0.0
14.5849
1.6022
0.6305
14.5849
1.4786
0.0
14.8164
-0.0

0.0
0.0
1.0
0.6305
14.5849
1.4786
0.0
14.5849
1.6022
0.0
14.0227
1.5287

0.0
0.0
1.0
0.0
14.0227
1.5287
0.6015
14.0227
1.4107
0.6305
14.5849
1.4786

0.0
0.0
1.0
0.6015
14.0227
1.4107
0.0
14.0227
1.5287
0.0
13.3282
0.926

0.0
0.0
1.0
0.0
13.3282
0.926
0.364
13.3282
0.8544
0.6015
14.0227
1.4107

0.0
0.0
1.0
0.364
13.3282
0.8544
0.0
13.3282
0.926
0.0
12.6998
0.9407

0.0
0.0
1.0
0.0
12.6998
0.9407
0.3692
12.6998
0.8678
0.364
13.3282
0.8544

0.0
0.0
1.0
0.0
14.8164
-0.0
0.0
14.8164
-0.0
-0.6305
14.5849
1.4786

0.0
0.0
1.0
-0.6305
14.5849
1.4786
0.0
14.5849
1.6022
0.0
14.8164
-0.0

0.0
0.0
1.0
0.0
14.5849
1.6022
-0.6305
14.5849
1.4786
-0.6015
14.0227
1.4107

0.0
0.0
1.0
-0.6015
14.0227
1.4107
0.0
14.0227
1.5287
0.0
14.5849
1.6022

0.0
0.0
1.0
0.0
14.0227
1.5287
-0.6015
14.0227
1.4107
-0.364
13.3282
0.8544

0.0
0.0
1.0
-0.364
13.3282
0.8544
0.0
13.3282
0.926
0.0
14.0227
1.5287

0.0
0.0
1.0
0.0
13.3282
0.926
-0.364
13.3282
0.8544
-0.3692
12.6998
0.8678

0.0
0.0
1.0
-0.3692
12.6998
0.8678
0.0
12.6998
0.9407
0.0
13.3282
0.926

0.0
0.0
1.0
0.0
14.8164
-0.0
0.0
14.8164
-0.0
-1.139
14.5849
1.139

0.0
0.0
1.0
-1.139
14.5849
1.139
-0.6305
14.5849
1.4786
0.0
14.8164
-0.0

0.0
0.0
1.0
-0.6305
14.5849
1.4786
-1.139
14.5849
1.139
-1.0867
14.0227
1.0867

0.0
0.0
1.0
-1.0867
14.0227
1.0867
-0.6015
14.0227
1.4107
-0.6305
14.5849
1.4786

0.0
0.0
1.0
-0.6015
14.0227
1.4107
-1.0867
14.0227
1.0867
-0.658
13.3282
0.658

0.0
0.0
1.0
-0.658
13.3282
0.658
-0.364
13.3282
0.8544
-0.6015
14.0227
1.4107

0.0
0.0
1.0
-0.364
13.3282
0.8544
-0.658
13.3282
0.658
-0.6679
12.6998
0.6679

0.0
0.0
1.0
-0.6679
12.6998
0.6679
-0.3692
12.6998
0.8678
-0.364
13.3282
0.8544

0.0
0.0
1.0
0.0
14.8164
-0.0
0.0
14.8164
-0.0
-1.4786
14.5849
0.6305

0.0
0.0
1.0
-1.4786
14.5849
0.6305
-1.139
14.5849
1.139
0.0
14.8164
-0.0

0.0
0.0
1.0
-1.139
14.5849
1.139
-1.4786
14.5849
0.6305
-1.4107
14.0227
0.6015

0.0
0.0
1.0
-1.4107
14.0227
0.6015
-1.0867
14.0227
1.0867
-1.139
14.5849
1.139

0.0
0.0
1.0
-1.0867
14.0227
1.0867
-1.4107
14.0227
0.6015
-0.8544
13.3282
0.364

0.0
0.0
1.0
-0.8544
13.3282
0.364
-0.658
13.3282
0.658
-1.0867
14.0227
1.0867

0.0
0.0
1.0
-0.658
13.3282
0.658
-0.8544
13.3282
0.364
-0.8678
12.6998
0.3692

0.0
0.0
1.0
-0.8678
12.6998
0.3692
-0.6679
12.6998
0.6679
-0.658
13.3282
0.658

0.0
0.0
1.0
0.0
14.8164
-0.0
0.0
14.8164
-0.0
-1.6022
14.5849
-0.0

0.0
0.0
1.0
-1.6022
14.5849
-0.0
-1.4786
14.5849
0.6305
0.0
14.8164
-0.0

0.0
0.0
1.0
-1.4786
14.5849
0.6305
-1.6022
14.5849
-0.0
-1.5287
14.0227
-0.0

0.0
0.0
1.0
-1.5287
14.0227
-0.0
-1.4107
14.0227
0.6015
-1.4786
14.5849
0.6305

0.0
0.0
1.0
-1.4107
14.0227
0.6015
-1.5287
14.0227
-0.0
-0.926
13.3282
-0.0

0.0
0.0
1.0
-0.926
13.3282
-0.0
-0.8544
13.3282
0.364
-1.4107
14.0227
0.6015

0.0
0.0
1.0
-0.8544
13.3282
0.364
-0.926
13.3282
-0.0
-0.9407
12.6998
-0.0

0.0
0.0
1.0
-0.9407
12.6998
-0.0
-0.8678
12.6998
0.3692
-0.8544
13.3282
0.364

0.0
0.0
1.0
0.0
14.8164
-0.0
0.0
14.8164
-0.0
-1.4786
14.5849
-0.6305

0.0
0.0
1.0
-1.4786
14.5849
-0.6305
-1.6022
14.5849
-0.0
0.0
14.8164
-0.0

0.0
0.0
1.0
-1.6022
14.5849
-0.0
-1.4786
14.5849
-0.6305
-1.4107
14.0227
-0.6015

0.0
0.0
1.0
-1.4107
14.0227
-0.6015
-1.5287
14.0227
-0.0
-1.6022
14.5849
-0.0

0.0
0.0
1.0
-1.5287
14.0227
-0.0
-1.4107
14.0227
-0.6015
-0.8544
13.3282
-0.364

0.0
0.0
1.0
-0.8544
13.3282
-0.364
-0.926
13.3282
-0.0
-1.5287
14.0227
-0.0

0.0
0.0
1.0
-0.926
13.3282
-0.0
-0.8544
13.3282
-0.364
-0.8678
12.6998
-0.3692

0.0
0.0
1.0
-0.8678
12.6998
-0.3692
-0.9407
12.6998
-0.0
-0.926
13.3282
-0.0

0.0
0.0
1.0
0.0
14.8164
-0.0
0.0
14.8164
-0.0
-1.139
14.5849
-1.139

0.0
0.0
1.0
-1.139
14.5849
-1.139
-1.4786
14.5849
-0.6305
0.0
14.8164
-0.0

0.0
0.0
1.0
-1.4786
14.5849
-0.6305
-1.139
14.5849
-1.139
-1.0867
14.0227
-1.0867

0.0
0.0
1.0
-1.0867
14.0227
-1.0867
-1.4107
14.0227
-0.6015
-1.4786
14.5849
-0.6305

0.0
0.0
1.0
-1.4107
14.0227
-0.6015
-1.0867
14.0227
-1.0867
-0.658
13.3282
-0.658

0.0
0.0
1.0
-0.658
13.3282
-0.658
-0.8544
13.3282
-0.364
-1.4107
14.0227
-0.6015

0.0
0.0
1.0
-0.8544
13.3282
-0.364
-0.658
13.3282
-0.658
-0.6679
12.6998
-0.6679

0.0
0.0
1.0
-0.6679
12.6998
-0.6679
-0.8678
12.6998
-0.3692
-0.8544
13.3282
-0.364

0.0
0.0
1.0
0.0
14.8164
-0.0
0.0
14.8164
-0.0
-0.6305
14.5849
-1.4786

0.0
0.0
1.0
-0.6305
14.5849
-1.4786
-1.139
14.5849
-1.139
0.0
14.8164
-0.0

0.0
0.0
1.0
-1.139
14.5849
-1.139
-0.6305
14.5849
-1.4786
-0.6015
14.0227
-1.4107

0.0
0.0
1.0
-0.6015
14.0227
-1.4107
-1.0867
14.0227
-1.0867
-1.139
14.5849
-1.139

0.0
0.0
1.0
-1.0867
14.0227
-1.0867
-0.6015
14.0227
-1.4107
-0.364
13.3282
-0.8544

0.0
0.0
1.0
-0.364
13.3282
-0.8544
-0.658
13.3282
-0.658
-1.0867
14.0227
-1.0867

0.0
0.0
1.0
-0.658
13.3282
-0.658
-0.364
13.3282
-0.8544
-0.3692
12.6998
-0.8678

0.0
0.0
1.0
-0.3692
12.6998
-0.8678
-0.6679
12.6998
-0.6679
-0.658
13.3282
-0.658

0.0
0.0
1.0
0.0
14.8164
-0.0
0.0
14.8164
-0.0
0.0
14.5849
-1.6022

0.0
0.0
1.0
0.0
14.5849
-1.6022
-0.6305
14.5849
-1.4786
0.0
14.8164
-0.0

0.0
0.0
1.0
-0.6305
14.5849
-1.4786
0.0
14.5849
-1.6022
0.0
14.0227
-1.5287

0.0
0.0
1.0
0.0
14.0227
-1.5287
-0.6015
14.0227
-1.4107
-0.6305
14.5849
-1.4786

0.0
0.0
1.0
-0.6015
14.0227
-1.4107
0.0
14.0227
-1.5287
0.0
13.3282
-0.926

0.0
0.0
1.0
0.0
13.3282
-0.926
-0.364
13.3282
-0.8544
-0.6015
14.0227
-1.4107

0.0
0.0
1.0
-0.364
13.3282
-0.8544
0.0
13.3282
-0.926
0.0
12.6998
-0.9407

0.0
0.0
1.0
0.0
12.6998
-0.9407
-0.3692
12.6998
-0.8678
-0.364
13.3282
-0.8544

0.0
0.0
1.0
0.0
14.8164
-0.0
0.0
14.8164
-0.0
0.6305
14.5849
-1.4786

0.0
0.0
1.0
0.6305
14.5849
-1.4786
0.0
14.5849
-1.6022
0.0
14.8164
-0.0

0.0
0.0
1.0
0.0
14.5849
-1.6022
0.6305
14.5849
-1.4786
0.6015
14.0227
-1.4107

0.0
0.0
1.0
0.6015
14.0227
-1.4107
0.0
14.0227
-1.5287
0.0
14.5849
-1.6022

0.0
0.0
1.0
0.0
14.0227
-1.5287
0.6015
14.0227
-1.4107
0.364
13.3282
-0.8544

0.0
0.0
1.0
0.364
13.3282
-0.8544
0.0
13.3282
-0.926
0.0
14.0227
-1.5287

0.0
0.0
1.0
0.0
13.3282
-0.926
0.364
13.3282
-0.8544
0.3692
12.6998
-0.8678

0.0
0.0
1.0
0.3692
12.6998
-0.8678
0.0
12.6998
-0.9407
0.0
13.3282
-0.926

0.0
0.0
1.0
0.0
14.8164
-0.0
0.0
14.8164
-0.0
1.139
14.5849
-1.139

0.0
0.0
1.0
1.139
14.5849
-1.139
0.6305
14.5849
-1.4786
0.0
14.8164
-0.0

0.0
0.0
1.0
0.6305
14.5849
-1.4786
1.139
14.5849
-1.139
1.0867
14.0227
-1.0867

0.0
0.0
1.0
1.0867
14.0227
-1.0867
0.6015
14.0227
-1.4107
0.6305
14.5849
-1.4786

0.0
0.0
1.0
0.6015
14.0227
-1.4107
1.0867
14.0227
-1.0867
0.658
13.3282
-0.658

0.0
0.0
1.0
0.658
13.3282
-0.658
0.364
13.3282
-0.8544
0.6015
14.0227
-1.4107

0.0
0.0
1.0
0.364
13.3282
-0.8544
0.658
13.3282
-0.658
0.6679
12.6998
-0.6679

0.0
0.0
1.0
0.6679
12.6998
-0.6679
0.3692
12.6998
-0.8678
0.364
13.3282
-0.8544

0.0
0.0
1.0
0.0
14.8164
-0.0
0.0
14.8164
-0.0
1.4786
14.5849
-0.6305

0.0
0.0
1.0
1.4786
14.5849
-0.6305
1.139
14.5849
-1.139
0.0
14.8164
-0.0

0.0
0.0
1.0
1.139
14.5849
-1.139
1.4786
14.5849
-0.6305
1.4107
14.0227
-0.6015

0.0
0.0
1.0
1.4107
14.0227
-0.6015
1.0867
14.0227
-1.0867
1.139
14.5849
-1.139

0.0
0.0
1.0
1.0867
14.0227
-1.0867
1.4107
14.0227
-0.6015
0.8544
13.3282
-0.364

0.0
0.0
1.0
0.8544
13.3282
-0.364
0.658
13.3282
-0.658
1.0867
14.0227
-1.0867

0.0
0.0
1.0
0.658
13.3282
-0.658
0.8544
13.3282
-0.364
0.8678
12.6998
-0.3692

0.0
0.0
1.0
0.8678
12.6998
-0.3692
0.6679
12.6998
-0.6679
0.658
13.3282
-0.658

0.0
0.0
1.0
0.0
14.8164
-0.0
0.0
14.8164
-0.0
1.6022
14.5849
-0.0

0.0
0.0
1.0
1.6022
14.5849
-0.0
1.4786
14.5849
-0.6305
0.0
14.8164
-0.0

0.0
0.0
1.0
1.4786
14.5849
-0.6305
1.6022
14.5849
-0.0
1.5287
14.0227
-0.0

0.0
0.0
1.0
1.5287
14.0227
-0.0
1.4107
14.0227
-0.6015
1.4786
14.5849
-0.6305

0.0
0.0
1.0
1.4107
14.0227
-0.6015
1.5287
14.0227
-0.0
0.926
13.3282
-0.0

0.0
0.0
1.0
0.926
13.3282
-0.0
0.8544
13.3282
-0.364
1.4107
14.0227
-0.6015

0.0
0.0
1.0
0.8544
13.3282
-0.364
0.926
13.3282
-0.0
0.9407
12.6998
-0.0

0.0
0.0
1.0
0.9407
12.6998
-0.0
0.8678
12.6998
-0.3692
0.8544
13.3282
-0.364

0.0
0.0
1.0
0.9407
12.6998
-0.0
0.8678
12.6998
0.3692
1.9797
12.2809
0.8423

0.0
0.0
1.0
1.9797
12.2809
0.8423
2.146
12.2809
-0.0
0.9407
12.6998
-0.0

0.0
0.0
1.0
2.146
12.2809
-0.0
1.9797
12.2809
0.8423
3.5798
11.9943
1.5231

0.0
0.0
1.0
3.5798
11.9943
1.5231
3.8805
11.9943
-0.0
2.146
12.2809
-0.0

0.0
0.0
1.0
3.8805
11.9943
-0.0
3.5798
11.9943
1.5231
5.0171
11.7076
2.1346

0.0
0.0
1.0
5.0171
11.7076
2.1346
5.4386
11.7076
-0.0
3.8805
11.9943
-0.0

0.0
0.0
1.0
5.4386
11.7076
-0.0
5.0171
11.7076
2.1346
5.6408
11.2887
2.4

0.0
0.0
1.0
5.6408
11.2887
2.4
6.1147
11.2887
-0.0
5.4386
11.7076
-0.0

0.0
0.0
1.0
0.8678
12.6998
0.3692
0.6679
12.6998
0.6679
1.5237
12.2809
1.5237

0.0
0.0
1.0
1.5237
12.2809
1.5237
1.9797
12.2809
0.8423
0.8678
12.6998
0.3692

0.0
0.0
1.0
1.9797
12.2809
0.8423
1.5237
12.2809
1.5237
2.7552
11.9943
2.7552

0.0
0.0
1.0
2.7552
11.9943
2.7552
3.5798
11.9943
1.5231
1.9797
12.2809
0.8423

0.0
0.0
1.0
3.5798
11.9943
1.5231
2.7552
11.9943
2.7552
3.8614
11.7076
3.8614

0.0
0.0
1.0
3.8614
11.7076
3.8614
5.0171
11.7076
2.1346
3.5798
11.9943
1.5231

0.0
0.0
1.0
5.0171
11.7076
2.1346
3.8614
11.7076
3.8614
4.3415
11.2887
4.3415

0.0
0.0
1.0
4.3415
11.2887
4.3415
5.6408
11.2887
2.4
5.0171
11.7076
2.1346

0.0
0.0
1.0
0.6679
12.6998
0.6679
0.3692
12.6998
0.8678
0.8423
12.2809
1.9797

0.0
0.0
1.0
0.8423
12.2809
1.9797
1.5237
12.2809
1.5237
0.6679
12.6998
0.6679

0.0
0.0
1.0
1.5237
12.2809
1.5237
0.8423
12.2809
1.9797
1.5231
11.9943
3.5798

0.0
0.0
1.0
1.5231
11.9943
3.5798
2.7552
11.9943
2.7552
1.5237
12.2809
1.5237

0.0
0.0
1.0
2.7552
11.9943
2.7552
1.5231
11.9943
3.5798
2.1346
11.7076
5.0171

0.0
0.0
1.0
2.1346
11.7076
5.0171
3.8614
11.7076
3.8614
2.7552
11.9943
2.7552

0.0
0.0
1.0
3.8614
11.7076
3.8614
2.1346
11.7076
5.0171
2.4
11.2887
5.6408

0.0
0.0
1.0
2.4
11.2887
5.6408
4.3415
11.2887
4.3415
3.8614
11.7076
3.8614

0.0
0.0
1.0
0.3692
12.6998
0.8678
0.0
12.6998
0.9407
0.0
12.2809
2.146

0.0
0.0
1.0
0.0
12.2809
2.146
0.8423
12.2809
1.9797
0.3692
12.6998
0.8678

0.0
0.0
1.0
0.8423
12.2809
1.9797
0.0
12.2809
2.146
0.0
11.9943
3.8805

0.0
0.0
1.0
0.0
11.9943
3.8805
1.5231
11.9943
3.5798
0.8423
12.2809
1.9797

0.0
0.0
1.0
1.5231
11.9943
3.5798
0.0
11.9943
3.8805
0.0
11.7076
5.4386

0.0
0.0
1.0
0.0
11.7076
5.4386
2.1346
11.7076
5.0171
1.5231
11.9943
3.5798

0.0
0.0
1.0
2.1346
11.7076
5.0171
0.0
11.7076
5.4386
0.0
11.2887
6.1147

0.0
0.0
1.0
0.0
11.2887
6.1147
2.4
11.2887
5.6408
2.1346
11.7076
5.0171

0.0
0.0
1.0
0.0
12.6998
0.9407
-0.3692
12.6998
0.8678
-0.8423
12.2809
1.9797

0.0
0.0
1.0
-0.8423
12.2809
1.9797
0.0
12.2809
2.146
0.0
12.6998
0.9407

0.0
0.0
1.0
0.0
12.2809
2.146
-0.8423
12.2809
1.9797
-1.5231
11.9943
3.5798

0.0
0.0
1.0
-1.5231
11.9943
3.5798
0.0
11.9943
3.8805
0.0
12.2809
2.146

0.0
0.0
1.0
0.0
11.9943
3.8805
-1.5231
11.9943
3.5798
-2.1346
11.7076
5.0171

0.0
0.0
1.0
-2.1346
11.7076
5.0171
0.0
11.7076
5.4386
0.0
11.9943
3.8805

0.0
0.0
1.0
0.0
11.7076
5.4386
-2.1346
11.7076
5.0171
-2.4
11.2887
5.6408

0.0
0.0
1.0
-2.4
11.2887
5.6408
0.0
11.2887
6.1147
0.0
11.7076
5.4386

0.0
0.0
1.0
-0.3692
12.6998
0.8678
-0.6679
12.6998
0.6679
-1.5237
12.2809
1.5237

0.0
0.0
1.0
-1.5237
12.2809
1.5237
-0.8423
12.2809
1.9797
-0.3692
12.6998
0.8678

0.0
0.0
1.0
-0.8423
12.2809
1.9797
-1.5237
12.2809
1.5237
-2.7552
11.9943
2.7552

0.0
0.0
1.0
-2.7552
11.9943
2.7552
-1.5231
11.9943
3.5798
-0.8423
12.2809
1.9797

0.0
0.0
1.0
-1.5231
11.9943
3.5798
-2.7552
11.9943
2.7552
-3.8614
11.7076
3.8614

0.0
0.0
1.0
-3.8614
11.7076
3.8614
-2.1346
11.7076
5.0171
-1.5231
11.9943
3.5798

0.0
0.0
1.0
-2.1346
11.7076
5.0171
-3.8614
11.7076
3.8614
-4.3415
11.2887
4.3415

0.0
0.0
1.0
-4.3415
11.2887
4.3415
-2.4
11.2887
5.6408
-2.1346
11.7076
5.0171

0.0
0.0
1.0
-0.6679
12.6998
0.6679
-0.8678
12.6998
0.3692
-1.9797
12.2809
0.8423

0.0
0.0
1.0
-1.9797
12.2809
0.8423
-1.5237
12.2809
1.5237
-0.6679
12.6998
0.6679

0.0
0.0
1.0
-1.5237
12.2809
1.5237
-1.9797
12.2809
0.8423
-3.5798
11.9943
1.5231

0.0
0.0
1.0
-3.5798
11.9943
1.5231
-2.7552
11.9943
2.7552
-1.5237
12.2809
1.5237

0.0
0.0
1.0
-2.7552
11.9943
2.7552
-3.5798
11.9943
1.5231
-5.0171
11.7076
2.1346

0.0
0.0
1.0
-5.0171
11.7076
2.1346
-3.8614
11.7076
3.8614
-2.7552
11.9943
2.7552

0.0
0.0
1.0
-3.8614
11.7076
3.8614
-5.0171
11.7076
2.1346
-5.6408
11.2887
2.4

0.0
0.0
1.0
-5.6408
11.2887
2.4
-4.3415
11.2887
4.3415
-3.8614
11.7076
3.8614

0.0
0.0
1.0
-0.8678
12.6998
0.3692
-0.9407
12.6998
-0.0
-2.146
12.2809
-0.0

0.0
0.0
1.0
-2.146
12.2809
-0.0
-1.9797
12.2809
0.8423
-0.8678
12.6998
0.3692

0.0
0.0
1.0
-1.9797
12.2809
0.8423
-2.146
12.2809
-0.0
-3.8805
11.9943
-0.0

0.0
0.0
1.0
-3.8805
11.9943
-0.0
-3.5798
11.9943
1.5231
-1.9797
12.2809
0.8423

0.0
0.0
1.0
-3.5798
11.9943
1.5231
-3.8805
11.9943
-0.0
-5.4386
11.7076
-0.0

0.0
0.0
1.0
-5.4386
11.7076
-0.0
-5.0171
11.7076
2.1346
-3.5798
11.9943
1.5231

0.0
0.0
1.0
-5.0171
11.7076
2.1346
-5.4386
11.7076
-0.0
-6.1147
11.2887
-0.0

0.0
0.0
1.0
-6.1147
11.2887
-0.0
-5.6408
11.2887
2.4
-5.0171
11.7076
2.1346

0.0
0.0
1.0
-0.9407
12.6998
-0.0
-0.8678
12.6998
-0.3692
-1.9797
12.2809
-0.8423

0.0
0.0
1.0
-1.9797
12.2809
-0.8423
-2.146
12.2809
-0.0
-0.9407
12.6998
-0.0

0.0
0.0
1.0
-2.146
12.2809
-0.0
-1.9797
12.2809
-0.8423
-3.5798
11.9943
-1.5231

0.0
0.0
1.0
-3.5798
11.9943
-1.5231
-3.8805
11.9943
-0.0
-2.146
12.2809
-0.0

0.0
0.0
1.0
-3.8805
11.9943
-0.0
-3.5798
11.9943
-1.5231
-5.0171
11.7076
-2.1346

0.0
0.0
1.0
-5.0171
11.7076
-2.1346
-5.4386
11.7076
-0.0
-3.8805
11.9943
-0.0

0.0
0.0
1.0
-5.4386
11.7076
-0.0
-5.0171
11.7076
-2.1346
-5.6408
11.2887
-2.4

0.0
0.0
1.0
-5.6408
11.2887
-2.4
-6.1147
11.2887
-0.0
-5.4386
11.7076
-0.0

0.0
0.0
1.0
-0.8678
12.6998
-0.3692
-0.6679
12.6998
-0.6679
-1.5237
12.2809
-1.5237

0.0
0.0
1.0
-1.5237
12.2809
-1.5237
-1.9797
12.2809
-0.8423
-0.8678
12.6998
-0.3692

0.0
0.0
1.0
-1.9797
12.2809
-0.8423
-1.5237
12.2809
-1.5237
-2.7552
11.9943
-2.7552

0.0
0.0
1.0
-2.7552
11.9943
-2.7552
-3.5798
11.9943
-1.5231
-1.9797
12.2809
-0.8423

0.0
0.0
1.0
-3.5798
11.9943
-1.5231
-2.7552
11.9943
-2.7552
-3.8614
11.7076
-3.8614

0.0
0.0
1.0
-3.8614
11.7076
-3.8614
-5.0171
11.7076
-2.1346
-3.5798
11.9943
-1.5231

0.0
0.0
1.0
-5.0171
11.7076
-2.1346
-3.8614
11.7076
-3.8614
-4.3415
11.2887
-4.3415

0.0
0.0
1.0
-4.3415
11.2887
-4.3415
-5.6408
11.2887
-2.4
-5.0171
11.7076
-2.1346

0.0
0.0
1.0
-0.6679
12.6998
-0.6679
-0.3692
12.6998
-0.8678
-0.8423
12.2809
-1.9797

0.0
0.0
1.0
-0.8423
12.2809
-1.9797
-1.5237
12.2809
-1.5237
-0.6679
12.6998
-0.6679

0.0
0.0
1.0
-1.5237
12.2809
-1.5237
-0.8423
12.2809
-1.9797
-1.5231
11.9943
-3.5798

0.0
0.0
1.0
-1.5231
11.9943
-3.5798
-2.7552
11.9943
-2.7552
-1.5237
12.2809
-1.5237

0.0
0.0
1.0
-2.7552
11.9943
-2.7552
-1.5231
11.9943
-3.5798
-2.1346
11.7076
-5.0171

0.0
0.0
1.0
-2.1346
11.7076
-5.0171
-3.8614
11.7076
-3.8614
-2.7552
11.9943
-2.7552

0.0
0.0
1.0
-3.8614
11.7076
-3.8614
-2.1346
11.7076
-5.0171
-2.4
11.2887
-5.6408

0.0
0.0
1.0
-2.4
11.2887
-5.6408
-4.3415
11.2887
-4.3415
-3.8614
11.7076
-3.8614

0.0
0.0
1.0
-0.3692
12.6998
-0.8678
0.0
12.6998
-0.9407
0.0
12.2809
-2.146

0.0
0.0
1.0
0.0
12.2809
-2.146
-0.8423
12.2809
-1.9797
-0.3692
12.6998
-0.8678

0.0
0.0
1.0
-0.8423
12.2809
-1.9797
0.0
12.2809
-2.146
0.0
11.9943
-3.8805

0.0
0.0
1.0
0.0
11.9943
-3.8805
-1.5231
11.9943
-3.5798
-0.8423
12.2809
-1.9797

0.0
0.0
1.0
-1.5231
11.9943
-3.5798
0.0
11.9943
-3.8805
0.0
11.7076
-5.4386

0.0
0.0
1.0
0.0
11.7076
-5.4386
-2.1346
11.7076
-5.0171
-1.5231
11.9943
-3.5798

0.0
0.0
1.0
-2.1346
11.7076
-5.0171
0.0
11.7076
-5.4386
0.0
11.2887
-6.1147

0.0
0.0
1.0
0.0
11.2887
-6.1147
-2.4
11.2887
-5.6408
-2.1346
11.7076
-5.0171

0.0
0.0
1.0
0.0
12.6998
-0.9407
0.3692
12.6998
-0.8678
0.8423
12.2809
-1.9797

0.0
0.0
1.0
0.8423
12.2809
-1.9797
0.0
12.2809
-2.146
0.0
12.6998
-0.9407

0.0
0.0
1.0
0.0
12.2809
-2.146
0.8423
12.2809
-1.9797
1.5231
11.9943
-3.5798

0.0
0.0
1.0
1.5231
11.9943
-3.5798
0.0
11.9943
-3.8805
0.0
12.2809
-2.146

0.0
0.0
1.0
0.0
11.9943
-3.8805
1.5231
11.9943
-3.5798
2.1346
11.7076
-5.0171

0.0
0.0
1.0
2.1346
11.7076
-5.0171
0.0
11.7076
-5.4386
0.0
11.9943
-3.8805

0.0
0.0
1.0
0.0
11.7076
-5.4386
2.1346
11.7076
-5.0171
2.4
11.2887
-5.6408

0.0
0.0
1.0
2.4
11.2887
-5.6408
0.0
11.2887
-6.1147
0.0
11.7076
-5.4386

0.0
0.0
1.0
0.3692
12.6998
-0.8678
0.6679
12.6998
-0.6679
1.5237
12.2809
-1.5237

0.0
0.0
1.0
1.5237
12.2809
-1.5237
0.8423
12.2809
-1.9797
0.3692
12.6998
-0.8678

0.0
0.0
1.0
0.8423
12.2809
-1.9797
1.5237
12.2809
-1.5237
2.7552
11.9943
-2.7552

0.0
0.0
1.0
2.7552
11.9943
-2.7552
1.5231
11.9943
-3.5798
0.8423
12.2809
-1.9797

0.0
0.0
1.0
1.5231
11.9943
-3.5798
2.7552
11.9943
-2.7552
3.8614
11.7076
-3.8614

0.0
0.0
1.0
3.8614
11.7076
-3.8614
2.1346
11.7076
-5.0171
1.5231
11.9943
-3.5798

0.0
0.0
1.0
2.1346
11.7076
-5.0171
3.8614
11.7076
-3.8614
4.3415
11.2887
-4.3415

0.0
0.0
1.0
4.3415
11.2887
-4.3415
2.4
11.2887
-5.6408
2.1346
11.7076
-5.0171

0.0
0.0
1.0
0.6679
12.6998
-0.6679
0.8678
12.6998
-0.3692
1.9797
12.2809
-0.8423

0.0
0.0
1.0
1.9797
12.2809
-0.8423
1.5237
12.2809
-1.5237
0.6679
12.6998
-0.6679

0.0
0.0
1.0
1.5237
12.2809
-1.5237
1.9797
12.2809
-0.8423
3.5798
11.9943
-1.5231

0.0
0.0
1.0
3.5798
11.9943
-1.5231
2.7552
11.9943
-2.7552
1.5237
12.2809
-1.5237

0.0
0.0
1.0
2.7552
11.9943
-2.7552
3.5798
11.9943
-1.5231
5.0171
11.7076
-2.1346

0.0
0.0
1.0
5.0171
11.7076
-2.1346
3.8614
11.7076
-3.8614
2.7552
11.9943
-2.7552

0.0
0.0
1.0
3.8614
11.7076
-3.8614
5.0171
11.7076
-2.1346
5.6408
11.2887
-2.4

0.0
0.0
1.0
5.6408
11.2887
-2.4
4.3415
11.2887
-4.3415
3.8614
11.7076
-3.8614

0.0
0.0
1.0
0.8678
12.6998
-0.3692
0.9407
12.6998
-0.0
2.146
12.2809
-0.0

0.0
0.0
1.0
2.146
12.2809
-0.0
1.9797
12.2809
-0.8423
0.8678
12.6998
-0.3692

0.0
0.0
1.0
1.9797
12.2809
-0.8423
2.146
12.2809
-0.0
3.8805
11.9943
-0.0

0.0
0.0
1.0
3.8805
11.9943
-0.0
3.5798
11.9943
-1.5231
1.9797
12.2809
-0.8423

0.0
0.0
1.0
3.5798
11.9943
-1.5231
3.8805
11.9943
-0.0
5.4386
11.7076
-0.0

0.0
0.0
1.0
5.4386
11.7076
-0.0
5.0171
11.7076
-2.1346
3.5798
11.9943
-1.5231

0.0
0.0
1.0
5.0171
11.7076
-2.1346
5.4386
11.7076
-0.0
6.1147
11.2887
-0.0

0.0
0.0
1.0
6.1147
11.2887
-0.0
5.6408
11.2887
-2.4
5.0171
11.7076
-2.1346

