4.800000190734863
5.5
4.0
1.4999999850988388
1.0
0.9000000134110451
60.0
1.0
1000.0
lefttop
1.0
0.0
0.0
0.0
1.0
0.0
rightbottom
0.0
1.0
0.0
0.0
0.0
-1.0
righttop
0.0
0.0
1.0
0.0
1.0
0.0
ambient
0.0
0.0
0.0
1.0
diffuse
1.0
1.0
1.0
1.0
position
-7.0
6.0
7.0
0.0
lmodel_ambient
0.4
0.4
0.4
1.0
local_view
0.0
nomat
0.0
0.0
0.0
1.0
mat_specular
1.0
1.0
1.0
1.0
hight_shininess
100.0
triangles
1.0
0.5
0.0
-2.0
-3.0
-1.0
-2.0
-3.0
1.0
-2.0
3.0
1.0

1.0
1.0
0.0
2.0
3.0
-1.0
-2.0
-3.0
-1.0
-2.0
3.0
-1.0

1.0
0.0
1.0
2.0
-3.0
1.0
-2.0
-3.0
-1.0
2.0
-3.0
-1.0

1.0
1.0
0.0
2.0
3.0
-1.0
2.0
-3.0
-1.0
-2.0
-3.0
-1.0

1.0
0.5
0.0
-2.0
-3.0
-1.0
-2.0
3.0
1.0
-2.0
3.0
-1.0

1.0
0.0
1.0
2.0
-3.0
1.0
-2.0
-3.0
1.0
-2.0
-3.0
-1.0

1.0
0.0
0.0
-2.0
3.0
1.0
-2.0
-3.0
1.0
2.0
-3.0
1.0

0.0
0.0
1.0
2.0
3.0
1.0
2.0
-3.0
-1.0
2.0
3.0
-1.0

0.0
0.0
1.0
2.0
-3.0
-1.0
2.0
3.0
1.0
2.0
-3.0
1.0

0.0
1.0
0.0
2.0
3.0
1.0
2.0
3.0
-1.0
-2.0
3.0
-1.0

0.0
1.0
0.0
2.0
3.0
1.0
-2.0
3.0
-1.0
-2.0
3.0
1.0

1.0
0.0
0.0
2.0
3.0
1.0
-2.0
3.0
1.0
2.0
-3.0
1.0

